1 0
1 167
1 180
1 216
1 54
0 
0 
0 
0 
0 
0 
0 
0 
0 
0 
0 
0 
0 
0 
0 
0 
0 
0 
0 
0 
0 
0 
0 
0 
0 
0 
0 
0 
0 
0 
0 
0 
0 
0 
0 
0 
0 
0 
0 
0 
0 
0 
0 
0 
0 
0 
0 
1 212
1 213
1 245
2 88 285
3 275 116 53
3 41 267 226
4 162 150 166 282
7 184 8 276 225 57 232 11
6 249 137 63 188 102 258
6 34 220 187 96 271 42
6 87 159 38 28 89 83
6 246 18 79 32 298 131
5 259 261 40 185 287
6 110 144 204 253 197 138
4 200 239 243 264
6 74 241 295 23 10 223
6 80 284 254 236 48 181
9 4 203 263 29 217 86 117 114 16
8 85 56 125 111 22 269 81 20
6 134 268 195 190 219 141
7 99 103 19 50 76 205 155
9 168 286 15 244 160 147 25 291 292
7 164 299 92 64 191 73 289
11 72 260 128 202 207 237 90 199 31 280 47
6 210 198 158 119 112 297
7 133 129 277 157 118 142 46
6 156 174 6 70 12 270
6 62 218 39 124 51 262
8 148 171 91 222 235 106 17 143
9 227 172 122 26 5 255 71 97 49
8 294 60 21 230 98 104 229 178
8 107 68 101 265 145 126 1 247
7 108 44 146 78 100 279 293
8 24 214 163 238 55 43 37 169
7 273 121 242 176 251 135 151
8 105 82 109 115 154 231 94 257
7 75 58 27 283 67 240 9
9 7 136 140 139 182 66 120 69 77
4 177 248 152 208
6 170 45 59 194 211 2
5 127 3 192 288 153
8 95 113 14 196 215 272 84 165
8 13 61 201 250 252 233 52 274
7 290 224 266 30 186 189 183
6 193 93 35 123 173 130
3 296 256 175
4 161 209 206 132
4 281 228 278 149
