65 7024 5497 6643 2363 3699 7653 9021 8105 7146 1608 6483 3526 3396 8465 4669 9853 4646 8944 8404 3942 103 5863 2789 5188 698 2027 4767 5985 9969 6747 9488 9622 9761 690 5108 2783 5846 8070 13 281 2272 7690 8818 6419 3544 5869 3012 9473 972 4651 3106 3112 3613 1917 288 1094 3450 1835 8877 2347 1310 6656 7612 9099 3529
59 574 8599 3476 9073 4126 6563 2400 3301 9740 6548 8043 7858 8740 3711 8922 3727 4378 9052 8106 1139 4598 6650 8608 2011 5564 8798 1829 1937 8399 8501 2639 6142 8086 9314 1986 6808 166 2478 4222 357 6046 8737 764 3840 3002 2965 4523 5701 7188 5086 1706 4601 6272 4726 7299 7901 1417 1689 5067
61 699 9577 9851 4098 3345 5164 7034 1601 2578 9673 7213 2220 8123 39 2075 4782 8064 8263 1875 5347 8175 6754 745 1125 9027 9097 9451 9726 7182 7286 3016 2681 2676 7985 8462 133 910 5152 5156 2106 848 5066 7301 1833 1574 6879 2915 3570 9261 1932 4225 2138 9526 5776 7625 9918 506 2570 4504 2409 5576
67 6373 779 5284 8660 5993 5880 2544 1370 1775 3955 7358 9131 3780 6740 4163 4520 9586 96 2302 6674 5031 473 7866 9317 5426 8516 3698 439 4372 5746 5771 6370 7140 9100 9229 383 2459 876 917 5539 6262 8314 2483 3721 5690 8180 5127 7127 9975 5318 36 8514 1078 1686 4243 8382 8547 8879 9708 5180 951 6461 7517 9863 896 2383 3716
63 3545 7258 914 8402 1940 5593 4823 1036 8023 4212 9455 7366 5303 7123 1374 4192 4454 8553 9613 9032 6197 8319 9728 1338 1553 2747 192 2324 4918 9297 4585 3538 4700 6998 6314 5478 3802 4674 4760 9269 2627 6744 356 957 1904 1964 3743 7665 4800 5026 7807 3410 5364 6778 7762 4030 5406 5483 5622 7112 7333 48 3274
75 5037 8214 7080 4560 9233 4921 5606 5636 3083 4462 5559 9318 8521 1497 2511 2855 1044 2577 7720 1461 8679 7684 8387 4578 9630 1045 2292 3256 6305 6340 5561 8631 8750 405 1093 7199 7572 93 619 2142 9140 9757 2217 922 3361 5206 5294 6530 9438 9495 6430 1913 2084 4303 8327 4410 6527 7693 1699 4619 6507 9732 366 978 4776 6924 1588 7232 1652 4444 4539 4684 1235 1709 9844
64 4131 793 3479 3281 1214 3081 7074 1265 3200 882 6756 855 250 2283 2097 4433 5065 8804 780 8661 270 9427 4575 4214 4480 5909 4042 3377 3935 6528 7407 2678 8830 9350 6149 4489 6155 6745 6254 4240 1239 6672 6920 1086 3678 6827 4777 7673 1902 2119 2976 6103 6188 2808 5405 9717 6855 9251 3126 7086 1974 3288 2668 7209
77 8727 1523 2921 5695 8020 1919 630 2733 5069 5929 2721 3346 7759 8691 4801 5010 5810 8792 4688 1113 3643 5368 6018 6639 3343 2795 4056 9997 4667 2821 2848 3252 5097 5176 8662 9013 1340 5495 6851 1073 9379 9558 6883 34 3371 9501 219 605 4058 4252 4932 6956 7626 8700 9408 382 5459 6395 9404 9383 6953 7711 8563 8746 497 9079 6997 2391 2775 2773 7174 7437 6945 1022 4409 7404 8820
61 2355 9780 501 6872 178 9349 249 8045 8483 3144 6320 2210 6377 9713 8240 8559 2436 5190 8833 2440 6626 2178 894 4870 5432 3758 2648 3075 3118 5550 3931 736 3303 7447 4584 7045 3748 5594 4529 7116 7580 862 3449 6101 7026 7062 9854 6244 6887 8348 9258 2518 4526 5707 9637 2439 2893 9268 4354 4997 220
70 7787 7859 3271 8866 1930 9345 8410 9880 4906 5220 8338 3323 2254 2281 8067 6795 7336 7644 8011 4837 6202 8308 6739 9668 6767 9205 2690 1207 5552 3491 5958 9458 3663 4884 6587 8233 8458 9104 5175 6653 8476 782 958 1988 6658 7412 244 828 3379 8231 492 158 5645 3622 5711 8377 9395 4209 5425 8203 2328 2979 5361 7297 7419 8168 2452 3146 2443 1048
64 7706 3857 4940 5155 6934 2847 633 6590 8200 2115 5773 7352 8139 8722 3982 1583 3070 5595 4341 5946 7990 5794 6059 6884 7672 2732 2845 6369 7059 9386 1782 4232 6019 8468 5269 2069 145 4491 7290 9095 7942 1136 3470 3286 3496 4896 9497 9224 2398 5345 5775 3417 7951 8333 8036 6250 7968 3467 3741 4797 3795 6711 873 2149
68 9213 1971 6936 7747 8775 9285 6090 6426 3147 5488 7136 4465 7678 7685 2427 5166 9225 4975 8051 8485 1067 3658 8895 9064 3567 8570 224 8152 8653 9180 8114 6725 932 2047 979 5574 2581 4527 8107 7291 9311 1322 1578 903 7170 9737 2560 8892 472 5481 1180 6908 9085 2381 8961 1696 6119 7228 8142 1646 1175 1452 1545 2925 4183 5116 938 5697
61 5439 7351 1157 2438 2797 7941 588 4961 2336 5772 9058 7581 7991 8014 444 1925 5143 5744 6319 4309 4582 6593 1723 7124 8424 3193 4152 221 1905 7238 3556 1890 4472 5671 2932 4639 9184 1809 4737 7763 8384 8949 6562 7695 3238 3464 4559 2286 5802 8258 2879 5113 6895 7880 7926 7839 1092 2358 7349 7844 3358
66 7329 7850 4561 1593 2024 4554 7812 9638 5387 3366 4471 6116 8097 426 6357 7601 2493 1054 3649 6113 8540 359 499 2235 2462 6536 7295 622 7605 8572 463 5685 9256 69 843 7727 7442 9397 120 2496 2772 3957 3968 7396 8436 9339 620 2092 7634 9083 4660 708 789 3623 722 4204 6504 7814 877 2258 5110 5341 6979 7281 9214 3463
61 9035 2227 975 5236 6929 2740 6204 1846 4980 5921 371 2068 4318 8268 8686 441 1404 774 1918 6421 6990 9355 5617 7868 1985 3328 4124 4935 443 7798 3963 5091 5275 9525 4279 7524 7620 768 2088 3579 744 9811 2739 5977 9348 256 4814 6111 9346 4458 5747 8771 2696 7282 8607 7734 148 2694 171 2760 5122
64 4217 3692 7558 580 6551 7912 8039 6245 6265 3090 9324 124 3937 4834 1124 8466 4031 9578 2435 6581 291 1839 2468 2679 2830 8409 2102 9921 4821 199 1001 8719 3098 8009 5939 9016 3369 5038 820 892 2105 3532 9559 3733 9935 7697 713 1055 6069 8988 9296 9158 1297 5075 6015 5223 9341 9544 1552 849 809 1014 430 5471
61 1546 8176 7791 2550 2622 3120 4863 1807 5919 7028 9304 6677 9122 1861 5833 6016 8109 7009 5957 6458 8674 5111 1963 9139 6068 8150 9017 2157 3061 8229 9657 2246 4786 5033 8192 2870 2017 6487 252 3511 7090 7736 1950 386 1957 6120 6757 5094 6163 2253 4960 1304 6640 1438 7374 8095 342 1832 1032 2491 8209
61 640 2284 7576 2757 9686 8908 9051 5602 6037 4499 6802 8711 3485 4735 5045 3435 1567 5835 2015 2770 3355 3862 5023 5052 2117 2607 3768 4089 490 833 4803 5554 6086 7545 2566 4345 8857 6524 561 3375 5277 7917 992 7441 337 1980 2896 5434 6501 7055 1272 2799 3913 7413 1972 7785 1991 4291 9145 8511 9937
70 336 6323 7204 87 1707 4990 2728 4382 5135 2753 5082 9178 1027 3947 243 6136 8548 5362 5373 8581 2369 5077 813 1946 3596 6065 6710 7432 9709 6885 433 860 3546 7897 9981 2168 6627 9950 3212 4073 2420 4890 5049 642 6344 6364 8297 4712 7948 9651 4130 4949 6132 4329 7088 8190 9841 3677 1182 4041 4066 2834 3517 1038 5374 6014 2818 3036 3148 8625
74 2036 7445 7098 9609 1776 508 4187 7082 4022 7503 8355 2048 4900 2360 4991 5107 1831 4148 8927 4097 4544 2509 5333 6004 819 1877 4752 7931 1037 1915 2457 2942 4290 4648 4705 7435 8320 1883 2861 5665 9103 2415 5718 8840 7227 7939 9924 5225 7367 1961 7717 8718 3645 7265 368 1110 1933 5702 6532 6972 9442 1789 3759 4244 2718 5627 8549 3170 5278 9335 9419 5796 7335 7122
64 4479 2825 6436 9538 5140 7211 5308 6456 6715 1893 2646 2005 4429 4452 4515 5234 7359 750 6684 4882 9018 9425 5560 3425 7066 3950 4420 7643 9634 5162 8245 8854 9433 1016 3158 1804 3469 7702 8205 6215 8198 3472 4829 8215 8445 1908 3660 6237 874 3694 2616 6712 4121 5607 4902 8169 1612 6322 1474 5641 6061 8401 5514 1324
66 4525 3117 1293 6791 5003 8218 210 3940 2816 4765 6683 9182 1401 1896 5790 1511 1889 3189 1731 2160 6713 384 1898 6316 8446 496 806 7999 8597 9155 8018 1693 3671 4577 6261 12 114 9583 4449 7072 9209 812 1587 2450 7484 2054 4174 4338 94 2387 3520 5878 2615 8736 939 1087 1714 2671 5080 7603 2418 4813 5735 6999 859 6268
69 6796 5272 2801 2652 2039 1320 2656 4128 5524 2716 7765 1595 3864 478 3725 7818 9543 6356 3812 2781 5070 5112 3040 3747 5385 7089 1466 2669 9211 967 1283 7463 8094 377 2429 163 25 395 4431 4594 5569 6755 827 8541 3562 1308 7767 8692 4447 7664 8449 9138 2071 5040 4718 5163 7202 1768 8938 646 4250 5398 2437 2971 3597 9581 4810 4917 5304
65 4609 5694 4456 9567 2042 563 5343 1460 7586 6835 7206 5871 6348 1956 6453 6516 1979 3292 3932 7613 8254 8733 3576 3870 5855 8555 5226 7918 8136 8583 6470 9721 1165 2962 3079 9253 84 1100 4292 6974 1206 4463 5509 3431 8083 8423 8835 6220 7491 4503 3486 4256 7538 3276 5106 3927 4330 5174 3278 2430 5119 920 4633 599 6304
64 3503 8665 1973 2492 1610 4593 9760 6596 5947 834 3750 4618 4553 7875 8706 1153 348 6152 7881 6578 9011 2828 1805 2837 5817 4394 4108 9784 531 5289 7718 1882 2293 5095 9759 8880 301 3171 566 2153 3540 5328 6283 6302 7906 321 4702 5874 6438 802 2658 3669 8101 6380 170 9520 2800 7976 825 1225 4818 9802 2554 6125
62 6579 9309 6009 8852 6363 7551 9867 3048 3815 5337 5812 7429 9696 925 5138 1010 7628 525 1955 8738 3218 6023 7014 8869 4320 9593 3096 6819 5305 4640 4839 6067 7548 9503 9830 1004 3561 4288 5968 8260 1561 2719 1277 2332 2714 9489 4363 4404 8141 9511 4842 1123 9769 5205 9767 3589 8092 287 6277 5383 7889 6468
61 4513 6300 6248 9818 1458 6082 2651 3869 1383 7416 8015 8658 1718 5279 5527 986 5806 9666 1292 8928 4764 169 5231 5655 2875 7649 783 4534 5153 8677 9589 5144 354 365 2743 2871 7886 9555 1891 7079 1921 9400 1795 1810 8703 2203 4692 6099 7959 3178 9764 1173 1941 5248 798 9512 361 7289 7543 5228 5090
68 8100 9172 7833 8566 9264 2049 2885 9893 9560 6693 6780 5903 7677 5737 8188 9326 9967 8342 2110 4845 8588 5016 5246 9693 3392 5142 2185 1683 6050 9254 9792 8187 4891 8790 8156 5976 7835 9434 5754 4819 3197 7340 1630 7927 8723 1598 3362 9885 3951 5331 8433 307 7391 3180 3986 8860 9516 3085 4485 6454 2276 4563 5300 9814 4985 8345 551 2526
56 3243 6033 3530 6166 5705 4681 9193 3849 2717 7909 2396 3673 8956 7357 3374 4376 1042 9864 562 623 4457 9359 7893 7622 650 4315 5764 5057 6398 6482 131 6634 2162 5093 5428 5437 7422 6564 7044 2300 3531 4254 5834 8248 9956 1637 2536 6198 7015 7656 5382 7003 934 8859 8950 6173
67 7766 2736 7389 2888 7376 703 2140 5355 6503 7347 2043 2469 9786 5547 3353 5237 6733 7460 8272 8894 9279 879 1892 2952 6267 9412 2310 6335 2672 9396 1330 7331 9891 5273 5748 4175 8801 719 1522 7341 8211 1536 2104 8204 8680 216 7962 2641 4622 5465 6940 8848 1880 2186 6894 8531 2490 3370 3846 467 2482 7978 5313 5966 8994 7119 8186
70 320 8341 7479 5030 6779 6875 4638 4049 9276 2552 3835 3139 9399 8330 712 6359 8089 8989 1571 7537 9898 836 2839 2326 5118 968 1470 2451 8059 160 656 4054 5340 8695 3389 801 6463 3818 6671 7843 6478 1183 906 2449 4095 904 1657 7661 7805 9034 2704 295 480 2278 4631 5415 9243 739 3571 5666 8451 1753 2442 2856 5332 8772 4120 6939 8414 9597
61 5649 1634 1674 2001 6429 6600 7004 9505 8657 3162 9758 4398 8131 3115 4695 4548 5371 9194 3595 8087 3360 1759 3555 4012 7060 9071 3883 6105 369 5394 5456 602 1767 6440 9232 6227 8077 8367 489 6730 7510 6722 9432 838 1618 409 2708 6266 9116 7043 7100 6420 3507 7181 6577 3525 5039 260 7789 6159 5255
69 2533 8669 9625 710 7694 7310 4425 4478 7863 6034 7166 7671 2601 6785 7490 9561 4833 8519 2051 2410 9308 121 1069 4300 9343 1613 9189 2683 8561 3214 3874 4017 4321 2633 3140 9643 7642 3068 9426 1566 7598 9127 7313 7036 8942 3142 6673 1070 1273 2167 9739 3612 8072 9094 2461 3021 1271 2150 9087 9238 3351 8699 8762 869 4045 8526 5798 1556 3005
67 1860 3373 6775 7522 4812 3168 8851 7360 1705 5858 8048 9003 9199 3900 4974 6753 9195 2352 3629 3681 138 3477 3560 2640 6219 2014 7235 3471 4962 6904 454 9623 1800 2542 5680 6506 8995 909 5811 229 1982 2433 6943 7369 7504 331 5998 8855 5474 5605 6856 7177 7658 398 7399 770 3872 7565 9691 294 627 5726 6251 7075 8170 4730 5089
62 9299 8507 1836 9338 7095 1041 1848 4649 5088 2271 2638 2232 5868 9060 1066 5229 7266 3494 6560 1249 7823 8765 2897 5822 6915 8734 3308 4202 5883 6720 7400 3018 6229 4 4908 6533 9842 194 7618 9554 98 5997 1638 2161 5183 5327 5816 6400 7639 7819 3776 276 709 7592 2249 1977 5503 6095 9908 9777 2107 9568
61 9953 5451 4476 5839 6097 1962 3468 3714 9486 3428 8085 6526 7801 1823 3651 4877 9946 1998 4682 7872 7502 9897 9582 2956 2094 7160 1493 3354 7924 1916 6495 8208 1140 8364 88 2737 5306 3412 3788 687 7257 5486 6210 8858 6392 200 4077 9595 4438 5198 669 3076 4001 9159 4377 4390 2353 5944 1838 9376 1532
72 370 2731 9181 3314 5078 3789 4068 4644 130 4437 5243 1821 5856 6223 7017 2256 564 5815 8191 8477 9655 731 3000 3179 3182 4422 2684 4939 6168 6798 5017 9249 6075 886 5334 1111 1865 5469 7584 3478 4436 6706 9773 6642 1543 4325 6131 7130 8755 8948 578 2712 3628 8024 9771 8641 8728 3223 3430 2348 4343 6793 6981 7535 8842 2023 2252 2710 1704 4306 2407 2512
67 1384 4815 727 8389 155 2126 3100 8708 2219 2803 4385 7869 1475 993 8972 6047 7640 3203 9175 7380 7938 8808 7670 1135 3756 5982 7731 3065 8998 313 2831 9164 6230 7519 3482 3563 5114 164 2322 4742 8428 2883 3319 5838 9030 2612 5170 5470 5930 7757 8356 3497 8887 991 7384 8630 1393 292 7197 510 1133 2412 7058 7487 2674 4616 4037
75 3102 826 7264 7973 966 6636 8334 9546 6112 8406 990 6984 2354 517 8656 3181 3550 8025 6196 8522 6384 1738 5005 6552 3806 4914 5217 6179 6679 868 9342 2761 5400 9091 181 2445 7439 9466 8741 3603 8185 2471 3053 3783 847 6424 7372 7406 9815 937 6606 2531 4273 3235 3356 5239 1203 4710 2058 2366 8725 9340 5592 6786 1255 4709 6511 9838 4207 5309 2562 7794 7559 28 8434
65 4733 9910 1218 4133 5068 9504 4856 6183 2317 1049 471 7318 9474 7237 1285 5885 6821 7899 1781 8052 9612 9857 4591 6276 8650 974 1025 8124 864 2480 6241 6922 2547 2587 3510 6467 9287 9753 610 1424 1819 458 5251 4668 341 8965 3264 9813 1509 2758 9881 2177 2777 9242 58 2216 2784 8751 3184 2986 7239 8793 6038 9074 4106
62 7481 50 3261 8259 4532 8530 2501 7998 6379 2154 3899 129 3401 6584 6660 9471 7141 6759 237 2637 4046 6813 255 5479 541 7443 747 310 4190 9007 1363 9768 3564 8546 9856 676 2954 2972 3141 3984 6201 7955 7316 3771 4319 6337 6721 7772 7829 762 5778 6143 6509 14 4995 659 1489 6817 853 2882 7563 4324
67 2922 8363 7161 1074 4369 8349 8968 5315 7468 2949 9260 3284 9887 4675 8253 2489 8381 871 1981 4946 1134 9459 3156 5249 1762 2626 1423 1830 3420 4706 5795 704 2702 4608 6809 8304 450 3696 6500 7230 3244 4943 1640 3808 7000 4086 8721 8970 475 799 1909 3487 4860 6207 2009 2413 3769 6797 5429 9510 5686 6313 7764 9499 4035 5656 8441
54 2636 7393 8768 2129 1281 4026 230 6191 4411 7952 259 2296 8911 8400 4701 9575 6588 7198 3349 982 4753 829 6022 5338 5546 6703 4999 5134 8991 930 3770 4579 9644 2854 6330 4381 9614 4859 5307 3409 350 1317 1427 9936 4614 5820 4698 8470 273 6091 5529 741 7084 8238
67 6896 682 2569 4605 2030 8673 9044 3591 4643 8004 126 245 9014 326 507 752 983 8137 8789 9072 594 1429 7483 8027 2868 8073 4246 5549 7995 9250 3383 3034 4657 152 2033 8019 9282 2318 8005 9809 272 1682 3914 6880 7397 7705 2675 3588 4014 7453 8901 3559 8856 2013 9373 8684 2567 3074 7163 4094 2723 7023 8947 2901 5743 9443 7196
66 7035 5126 22 2532 1137 7323 8596 670 1149 2735 4758 6839 9671 2308 1934 4654 9681 1581 4270 5482 6279 6491 8040 3086 5256 412 4966 7120 6488 6307 8193 349 6231 6243 7738 6854 8917 2815 4502 5819 5872 8471 388 4384 7101 3829 9212 1983 5022 4965 5538 4287 647 1246 2236 375 5898 9727 7255 2924 2238 2599 4761 3972 8049 3682
66 38 7287 8916 9689 3456 4070 5128 6292 7296 8992 9000 1196 1312 5120 5832 9801 5375 7077 3777 4788 4875 4984 8282 4827 3329 3917 8391 4847 4853 6195 7646 7231 2411 3188 6446 6471 4173 5441 8841 9596 1059 3809 3850 2782 6362 9787 1282 5115 9009 1118 3847 6412 9384 4228 7156 548 921 6550 207 3998 8544 1443 2432 3601 4110 5139
65 8053 9926 1635 3348 7569 9954 1970 2963 5886 8291 2677 6843 5893 2089 2756 6545 190 2145 2946 5014 5487 6329 5851 7383 7861 8822 9911 7609 389 899 1520 2032 2844 3443 4807 6352 9998 9270 9714 3172 5699 2113 6919 8990 949 2508 3659 5661 7242 4637 9519 1204 5427 410 6190 7849 8302 9712 8825 7704 7486 8044 8145 4888 8963
68 1158 1360 4822 2802 4459 4693 1733 6514 2796 3547 3617 7752 794 7511 8357 5240 1645 5797 6450 9675 8065 3312 4177 4928 7675 9367 6404 6772 757 3568 5540 5751 8340 8785 6831 721 8837 9548 3234 866 5350 6933 6547 4723 6496 997 7184 2248 2863 3107 3999 5508 3293 4898 6270 8310 8394 44 1298 1755 2720 5664 6238 46 2169 2705 5379 4249
63 9107 6806 5615 6686 174 5745 4793 7157 4957 2571 9286 5925 4524 9259 6687 1631 140 2890 5766 3444 3774 8257 2657 3224 5085 3403 4954 80 4211 1814 2215 3664 42 2596 6193 629 6174 18 2239 7302 4734 9046 2707 4806 6742 1380 2076 9705 186 2277 8849 5995 9735 1592 8416 7338 4033 705 9800 4790 6154 8311 689
67 147 1006 9115 8888 1077 8012 6544 5598 2604 4247 6644 583 4881 3397 7531 6522 6613 191 2269 6180 33 2290 6247 1315 4004 8339 9482 3885 5027 5100 5719 7455 6949 1172 7008 1426 2609 9008 2275 671 1644 2103 9928 7330 575 1687 6782 2408 5316 9066 4981 9114 262 3929 8871 9006 748 5849 8362 7769 9825 1007 1331 1369 3149 4350 616
69 9274 4034 6594 9803 558 3026 7891 7934 1209 8050 484 1490 1548 4123 6765 7860 1954 2561 5551 9227 1936 7403 3615 6770 4482 8455 9291 1944 6521 7817 2693 2706 8223 4413 8903 5186 9236 4150 4744 9388 6321 1442 2722 2109 2323 5662 332 3821 8696 8918 1129 3765 4680 5466 5965 8770 3941 9846 1119 6071 6371 9962 2460 5791 735 2853 3116 3648 9736
72 9421 9697 5616 7446 8884 1309 3110 4093 5785 2996 7641 141 7278 980 7654 912 5986 8611 1966 3605 8076 8817 1741 4606 8031 8939 9979 5006 8764 5054 9320 5285 9293 3650 8508 3462 6762 115 6930 7001 7187 7878 8893 2394 526 1155 4099 7149 306 9378 6750 7696 2867 3175 226 1005 7219 3746 6053 135 9387 3030 5804 6543 8456 1244 2793 8126 77 1230 5476 5828
63 9190 7507 6607 8021 5515 8582 9040 6801 9106 8324 5639 8613 6862 7214 3740 8953 6771 8256 3063 693 8921 5348 1806 5887 8671 3906 6938 9605 2362 165 1412 3838 5193 7382 8799 902 8271 3627 6494 6989 1573 4044 7225 8924 9752 818 3873 8374 9706 5937 1989 2507 16 8146 6098 71 3380 3991 9029 5562 9700 9862 1850
65 7795 3121 595 196 1949 6652 7566 2148 8865 5545 5024 6236 1433 2200 3028 6541 5399 1019 2301 3219 5064 911 1395 3919 4374 7223 1811 7246 47 74 707 8242 423 4297 9929 665 1425 6618 9120 1314 4408 5453 6682 7981 3691 6171 7032 9874 9931 2066 3299 246 2727 8383 4597 2057 4198 6466 740 2973 3073 8279 6049 763 8376
66 5821 6333 2447 1554 2026 4672 4082 2548 7557 150 4759 6106 417 2477 7528 9718 3488 608 2123 3056 8999 6390 390 2906 1252 5715 8595 675 1698 3845 5378 6327 6407 1400 5210 242 7596 7175 2687 2927 5678 6891 4029 3705 1058 5177 9945 8985 9570 1487 4333 7631 5323 3082 3231 6481 3590 1454 7761 9920 851 3399 5454 8246 6118 7810
68 9934 9059 1884 4673 5204 9978 9316 483 6629 9719 6435 1366 8993 8325 6649 3611 5145 5628 1594 8617 2525 8329 9529 6041 8628 2869 43 1167 2221 4473 5498 6063 236 4403 8081 3897 7067 8262 266 6475 3860 3894 5813 8605 9110 1504 2680 1677 3537 4008 4078 5457 965 5683 7107 7480 53 399 8659 3398 8102 2141 2910 6499 4357 6100 477 3814
65 6995 8069 4774 5297 5207 9368 4993 3800 5934 1177 3247 4873 4625 4535 7063 6676 8800 7578 1541 9796 2902 3447 8366 4113 6746 1559 2586 7134 4849 2467 557 3382 3916 3327 5260 8735 4615 6718 7440 1262 8121 9061 101 104 7751 5604 7388 5732 772 891 9162 1002 3513 7876 6218 6205 8057 7967 7010 1295 1926 6387 9265 279 9826
62 7692 5873 3067 9437 2108 2933 9724 278 451 1116 9993 6441 7025 8654 1365 2572 3226 8493 2500 7520 9988 2059 4596 3114 3465 3772 9405 5996 7378 5668 172 863 8119 1859 2003 1719 7760 1020 4945 4976 1467 7610 1827 4067 6226 9004 4850 7132 3225 402 2806 4755 3792 6498 2466 6256 8082 1278 3928 7159 7874 6878
68 1448 8285 8518 180 644 6689 8444 3440 8913 5447 5789 5192 6520 7126 4867 7224 2859 1339 2298 6902 9469 3267 6539 299 3394 4686 7221 7950 205 2939 4862 3594 5215 1910 4634 4142 9755 5543 1621 3737 2295 3164 4167 6029 2631 3889 8778 9642 8062 8181 5512 1818 2211 2315 6460 9080 8743 9677 513 3880 3933 3642 7173 5548 7200 8227 2665 1142
69 8655 5954 1030 7846 2329 3653 5197 7895 6847 5445 7267 5200 7879 3290 3647 274 6040 1600 4352 7544 3934 4722 5531 4574 4658 4272 6137 6448 8489 9850 6665 7666 1184 4550 4342 5102 6888 8827 9290 604 1752 7135 6161 2617 2807 4971 5464 1205 971 1650 2077 3516 6624 9783 376 9498 4846 8981 5723 5936 6751 4549 7494 8862 4769 9692 5556 195 3785
57 4551 474 8298 234 2463 1586 3834 1241 9789 9869 625 1463 128 545 3159 7903 889 6874 1626 1406 9970 6385 4389 6181 9334 9647 4181 4927 6838 1076 8112 1788 2504 3273 1590 4146 1353 2918 3839 6638 381 7234 4127 6260 998 3515 8153 7561 8164 1975 6965 1596 2653 6455 5392 6043 8149
58 7533 3701 6923 400 1082 1039 5295 1476 1876 4158 4645 8429 7638 1576 6833 9481 1003 6403 156 942 3695 3794 9531 597 3297 3875 4470 8649 5136 2303 6484 7663 5196 7910 7964 6324 7774 9738 1342 880 6991 1409 2951 4032 5422 6085 9025 59 2944 3518 4558 5360 587 2472 2072 3032 6717 3461
67 5230 1886 1411 1088 5756 9905 1929 4481 8117 6003 2152 1274 944 2421 251 5532 298 6792 2224 6852 7022 8431 500 3512 8759 9298 263 4301 4567 5099 5597 950 5247 8904 805 3330 6913 3132 3926 3381 3718 1606 626 4736 796 1769 5417 823 6445 414 1201 4019 6899 1394 3454 204 1354 468 5647 612 5349 8676 1620 1721 4125 9977 3608
65 3311 1202 4805 5314 9319 4322 4537 2485 9963 9664 8373 973 8936 9360 358 4185 6822 9765 8251 5914 7778 8915 7137 3706 4132 6158 4832 2255 3072 7105 2212 297 2046 4085 5411 706 6402 1662 6866 7269 1408 6048 9682 9807 8573 1736 9136 2 1516 9217 1436 3903 613 1969 7470 7069 1727 4165 2673 1040 1503 8615 6731 5402 3432
65 6826 9444 1405 9472 7462 7635 4772 6083 2923 1960 3910 4176 7501 2095 3017 1198 3739 2840 9835 9218 2182 2481 3014 6192 9020 9163 6748 5435 7262 5342 7826 638 5583 6449 7398 947 3266 7106 9824 3920 6194 1754 6515 9829 7946 8047 4237 5763 841 2929 8707 9086 3654 8584 52 7368 2813 425 3364 4497 6616 2304 4139 9656 1359
71 6664 6542 8296 1402 7597 9704 9617 1083 4588 8388 7259 1453 6431 8195 85 5158 9563 7482 4721 8870 3566 4170 6849 7094 9247 420 1432 5803 8 9961 5698 4430 6490 8794 6766 3918 6308 660 1471 1551 1858 3388 3390 3911 1208 238 2891 6078 9266 8167 9872 7856 9369 1051 1096 2597 7992 105 4397 3047 3245 4104 5818 7564 4743 7553 1174 3574 4897 8182 5267
59 692 923 4934 1035 8720 435 1095 6540 2193 1028 2309 438 3452 9515 9690 5989 9509 4229 7178 8565 6350 23 658 3655 1148 9257 553 6992 9241 3277 5159 4392 5520 2060 9699 9010 407 4023 970 328 9130 6476 7268 2711 8920 6558 8769 3909 3961 20 4448 1415 4678 5749 6434 9125 7647 717 2247
63 1345 2582 7247 8096 1649 7332 1482 4427 5326 4062 302 470 5358 1222 3676 394 4399 5386 6124 6117 6497 2635 3884 7085 7847 6968 1507 3690 5216 9610 137 3426 4151 284 6146 6641 685 1756 1878 8535 8872 9873 3582 5712 8997 4407 2649 7458 4586 7148 139 3084 6405 7252 5915 3797 2667 6700 3376 3429 3745 4331 9113
58 4412 1147 3434 7857 9430 5600 960 9321 1688 3805 4371 8542 839 8491 5367 2080 3251 985 4360 7183 7411 4922 8610 3702 3959 1327 4311 4662 432 2568 9877 1034 4007 3638 2945 4419 1435 7980 648 6566 427 5287 353 4969 2598 4100 8309 9989 4364 596 1967 3583 5896 6723 8899 9790 2872 5579
64 7499 2494 9337 4002 5900 26 3088 5950 6898 7513 536 2682 4573 5582 7554 5638 9632 2642 4188 6967 4785 8482 550 5581 7873 6994 4451 5266 5809 9588 4528 7218 8717 2794 72 5291 9055 8264 1488 6206 5770 7113 8687 2602 3896 5847 6554 227 2202 3176 7721 9141 2087 9277 9571 315 1193 2785 6399 2319 1802 4416 4418 6257
60 5063 4359 1895 7637 7030 5203 7614 1863 1099 3038 7337 316 2035 2865 7418 7254 3726 5829 6628 2594 8821 8498 4020 5585 9580 4630 8627 110 1943 2862 5988 6774 4442 835 9401 931 2007 2038 9019 1302 2118 9327 1994 7882 8016 185 2205 3713 7424 8943 1105 21 2787 8945 766 5397 5755 2992 2192 3013
63 5199 7842 4400 2137 1817 2595 258 3003 7784 4956 7194 1287 1713 4200 6303 3427 5526 5760 1582 7390 7804 8042 516 842 183 4840 2101 4230 4514 7114 7740 1187 1673 2516 4568 3861 1121 5212 5879 6732 6811 3886 5319 6977 7012 8277 8365 1778 3607 672 3413 8578 1098 4122 2175 9650 5657 893 4111 2267 6663 959 1822
66 7505 240 5187 8926 3386 8881 1169 6439 6842 8035 1629 5061 7118 83 1127 8232 3446 1745 3912 70 8732 524 8697 6427 7054 2503 2742 4387 8307 5537 5729 6255 8575 2820 9616 327 7409 4650 8116 8408 9307 7703 2809 8001 1562 1664 3138 6555 3689 1386 8088 56 5658 5799 3790 8267 8463 9733 9944 1 7410 2983 4602 9552 786 9907
56 202 1537 3206 4138 3474 3871 3241 4015 7121 5475 1642 7698 5580 8941 1840 2476 6513 9528 8885 769 360 591 9654 576 1780 3227 4872 2405 6017 9805 1064 1349 5219 5704 854 3089 3199 3662 68 1726 6850 3145 3473 3925 4141 6906 6941 3604 1825 3841 9939 8265 988 4213 9198 2689
70 1247 373 4566 6477 7048 7073 7854 6781 9134 9126 7681 2994 5757 733 6970 8571 6647 7966 8041 9081 4920 2320 3712 9900 1757 4475 3195 6052 66 621 1761 6654 6799 9464 7305 758 8078 7867 9325 6705 8162 714 4781 6966 8975 6389 559 3833 2940 5325 8586 628 1348 8875 3535 2316 4189 6234 6777 5000 5689 8147 1341 2846 5072 7813 1708 6666 3600 1903
62 5895 7669 3134 5044 6012 940 188 452 1091 872 2082 1280 9894 723 5201 2194 6315 7500 522 9523 1416 3259 3598 5317 6008 552 9446 1569 2543 1336 5233 4226 7293 222 6225 7969 2969 6729 6987 5055 7633 440 901 5768 32 1356 7750 9090 1441 3001 6465 3634 2378 3656 935 1468 3552 8110 4713 4708 5859 9065
59 2563 6605 2892 5733 9456 1747 6814 1558 1681 6969 527 771 4924 1081 7547 4725 9743 5050 7532 1229 4257 3728 5891 6960 5401 8286 494 1160 1871 2904 9779 7619 5282 5130 760 7379 7870 8574 9518 3304 4091 7220 8619 2374 2454 3350 4716 9174 2213 3761 5842 8098 9244 97 5955 7852 4746 7131 1750
65 3856 6127 9431 2763 49 1625 537 7203 4117 5059 1033 6986 8395 9592 1138 4994 1194 4506 5843 5087 8891 1254 2136 2397 4205 9574 4079 2163 2551 7179 3255 8415 2487 9424 2349 3080 4011 6294 9517 8375 688 8838 804 4203 7997 9684 2081 3066 3313 6365 9039 9336 1734 5673 448 6126 7346 6386 1276 511 1289 5404 6459 7317 4415
64 7615 6784 5781 4750 5472 5861 6864 9382 4569 7905 2022 2120 4453 8079 533 3208 5179 6447 1420 1575 6284 6840 7573 738 7271 2265 3700 4621 8032 8239 7201 7832 4236 2935 6794 7385 8270 8907 4115 8122 3130 8905 5901 8293 57 999 4065 7334 4738 2356 4628 6696 8235 6388 7498 9468 555 4536 9187 2914 8667 5276 7052 8486
64 814 2610 5376 1599 2805 7046 4683 4907 9987 7651 4652 3859 5098 852 1269 6306 1481 2382 5626 6066 6115 6810 6848 611 3974 4316 5570 7944 3205 4983 4016 5762 701 4936 95 1897 2517 1786 9868 4592 9601 2974 3915 4843 4944 5674 7855 3010 4063 8729 184 1763 7809 2860 5845 8636 100 2342 4719 6535 3272 4607 6964 7550
65 7749 6971 7928 3640 4968 7888 2535 9173 7512 1864 9964 5171 6612 9413 631 4386 5823 7444 7540 4926 5329 9323 5424 9522 92 816 941 1632 2171 3882 1103 4546 8093 289 1491 8017 8796 9450 5351 9876 989 2465 7602 1377 1421 549 7885 309 1728 2305 9077 1658 2588 4059 5623 2857 5117 9776 201 1351 1540 1881 285 3177 571
