17 2735 1209 6466 2519 549 3896 4709 3979 1535 4055 2487 7658 9883 3048 4267 5607 635
10 5934 4679 6745 7998 1162 3004 3660 2443 651 763
20 88 7109 2473 9842 3867 9070 5222 3049 5453 8522 5660 9222 6352 7646 1952 5946 3434 1526 8775 2318
19 4309 606 423 6031 8760 1395 4256 2150 8961 9825 8416 7747 8579 1971 3357 8497 6661 603 3820
10 4839 5324 719 4019 7453 8264 6732 8386 7597 176
20 8175 3580 7499 1867 9815 5291 1417 1564 5710 1429 6754 3843 4101 5341 9081 6386 3217 8929 8372 4416
11 6814 3029 1299 8334 2365 3673 7222 369 8794 4814 9914
15 1777 3057 5808 1166 1245 7579 9865 8725 213 2607 3499 5349 2872 7244 2196
15 1232 8339 5785 979 3684 929 9964 8347 2028 4402 6266 6461 2746 1865 195
14 9171 9849 1034 1423 9468 1964 2906 6702 7717 5150 416 6458 3727 8770
16 2293 2852 5451 2497 2399 6925 3178 9174 1678 5139 5795 3597 9095 9241 5652 8572
12 6523 9900 7370 2125 6773 692 4587 9456 9580 9258 3809 948
6 530 3036 4491 6211 9052 8824
8 6026 2706 2234 3947 4919 9740 1559 1577
12 4965 4701 4903 1889 8390 1603 5807 7452 4837 454 3892 4678
13 9733 7575 44 1596 8977 9518 6599 3882 6577 4905 4577 7349 9811
11 1491 8245 877 1810 2535 2780 3680 2689 6845 3447 2287
16 8030 2966 4718 7287 5733 500 6126 8312 1243 815 7880 6080 7136 6295 8877 8648
13 5853 2477 4014 871 7397 3385 3913 8627 8169 7449 2308 8517 5063
12 4959 5628 105 3561 3967 8822 7091 6284 5330 2697 8515 5376
17 6239 4699 8099 639 4970 3437 8459 8322 3777 2945 3744 8639 6626 2046 4923 8508 6964
2 2754 4796
18 1693 294 8182 1832 2389 1820 1296 2369 1583 4609 5249 6411 4199 3002 4517 5814 3189 1662
12 9156 9089 2309 5016 2876 1400 2950 6817 6979 4620 2002 9533
16 1697 7558 8193 1420 6025 2560 2012 7858 8496 8828 420 341 4570 6700 1347 9391
7 596 5170 7339 9724 7009 7365 3827
14 7208 7629 7167 7132 8669 309 3121 1205 5374 983 1049 236 6046 1569
15 2967 9133 7830 6488 8387 9605 8600 3937 9096 8005 1183 8986 4680 1161 4005
6 2320 5163 9418 389 4339 1038
8 5371 7450 2905 1225 7845 7034 3344 5331
12 6912 133 1767 4459 9488 4952 9170 8849 2833 2277 9827 7390
9 6457 177 8815 5233 6504 8936 6688 5131 9693
13 3105 7278 8075 4104 5715 940 6972 3183 3034 3661 8974 7721 9049
17 5433 5899 8533 1368 1065 223 5128 5725 1360 434 123 752 4778 8255 6136 2666 4178
10 5219 2851 2380 6395 6346 4083 4132 4976 5936 3688
13 8058 4821 9498 1145 8283 4900 9590 7919 2391 8751 5923 5918 2202
7 2963 9483 2865 2656 5591 8132 1809
12 9463 6657 8103 3606 3241 4188 9664 9115 8697 4129 8117 89
4 6694 3208 1273 5982
18 8376 8588 5298 1715 7351 3452 9320 1684 1714 3933 185 9973 1683 5177 1990 3335 9690 6433
16 29 789 552 1875 5976 1743 7608 4166 7421 4922 1818 2974 2637 6637 731 4755
16 6695 2455 5756 6642 5143 9112 4748 531 6709 8811 1219 5618 2880 7032 2638 4554
9 5343 4833 3420 9538 7197 4394 4549 1351 8730
16 610 4109 3319 5405 2804 1383 8068 3336 7240 7592 5454 6837 5641 9048 2456 6889
14 3988 6252 3574 7353 1719 1839 9107 7262 2674 3102 6144 4581 2120 722
10 2008 2230 6942 1785 1379 2726 9384 1654 2267 4886
10 1563 8631 8646 8107 7925 2154 8276 6045 5834 1015
14 5615 892 417 3465 6459 7551 1457 7514 9688 8825 1445 9961 7087 6354
15 6875 7934 6716 3907 293 1650 4738 4488 5555 1482 4513 4927 220 2441 8723
21 1580 1845 546 1117 5243 5687 4182 5797 7063 5422 7755 9942 8744 460 5073 2824 9808 3734 8084 6302 2554
19 8420 608 3701 4331 6909 5373 2861 855 1214 4943 9762 8709 8427 4946 8919 5095 3488 4540 144
13 200 3220 1475 4634 5262 4419 5800 8780 3567 3192 9307 8083 9448
14 1221 4657 52 2063 7047 9982 7532 725 5236 6617 274 7642 8964 9443
5 741 168 3938 1106 1855
21 8564 9628 665 1281 7445 7422 4263 6167 9682 9969 2199 7841 2148 8904 469 3854 5117 9056 7739 479 4783
14 8102 6125 169 15 5587 8336 2542 5707 7826 9703 4425 6535 9937 7410
17 7929 4020 8973 8987 924 8813 8776 3713 5275 4168 9155 2604 5276 2894 5790 1788 632
9 9121 3834 3240 9692 5216 3628 5956 8097 762
17 622 699 5425 761 2602 7823 2437 7076 6033 8922 1742 5822 4261 8162 7358 3902 9940
17 1784 3817 6756 266 3802 6248 6920 3152 1485 6500 8230 6035 8939 6153 3771 3274 391
12 5771 5751 1168 2037 9403 8357 981 148 4197 5022 7201 7251
17 2335 3477 462 1096 3011 2789 6802 9201 2066 3247 3486 927 2460 1808 7368 901 4271
10 2626 8094 2156 7967 8108 2099 4427 2059 51 9024
15 9633 7203 8869 592 6758 2183 404 3600 1940 8589 7839 4817 8178 6193 8423
16 1797 9809 8225 1814 5722 5611 3730 5328 8651 5926 8802 3070 8765 8611 2858 9522
15 7451 533 6222 4892 6085 6854 8436 2428 747 7423 2624 8479 1478 7828 7753
11 6089 9641 1638 357 8246 5696 2484 915 4780 6373 3288
13 3203 4677 8007 2279 3361 4381 8267 4688 5986 1301 8008 7766 4108
15 1040 178 9611 1876 2340 4754 2860 861 7469 4077 7297 6364 3518 4018 2221
11 1372 3461 1560 9186 2301 2043 2083 1129 8567 4251 7539
16 268 9602 9757 8955 3759 1029 7619 735 2226 4480 1481 2210 9427 3076 4982 5561
15 5890 2075 7627 996 1890 4576 9271 9759 525 5703 3400 1086 9432 1881 746
16 9890 5050 8652 5442 1834 4758 2991 569 4707 6823 7489 7138 3716 6568 1552 748
3 8338 2573 5836
13 1194 9075 515 5980 2533 5752 4509 5429 6477 2349 1549 9013 4725
18 2429 3197 4630 5335 3532 30 8212 1275 3856 8680 6162 3318 5781 5146 9656 6589 7863 6676
7 965 7014 8140 6629 4739 6090 1083
12 5214 9610 5100 2467 6486 5019 6229 3020 2843 5474 2326 4861
17 7889 493 4035 3839 3909 2231 1974 9188 5110 5774 9147 3378 9786 2114 705 9129 5467
14 9627 7134 2846 2345 6714 9425 5430 9343 3981 9296 1958 3413 5633 8582
14 2576 3424 8806 4561 6513 1373 3823 3094 9373 5270 7395 6973 3535 3985
16 9012 4050 7901 7915 6975 4097 8045 7185 9178 4474 2943 5389 6653 3012 4926 6869
11 8073 4744 9513 2299 1124 7667 804 386 2980 2481 1006
11 1438 4255 138 7101 1621 8537 2807 3106 5563 3069 7899
6 7210 2718 1514 1909 5148 9599
8 2748 6053 2470 8809 614 3525 9587 4417
16 945 1066 4613 2732 4206 8918 6396 1370 5286 3166 6406 8858 9446 3662 3356 7676
13 8586 2442 2035 163 6897 53 7299 5206 6761 6177 291 2830 5666
14 6884 7255 156 7529 5183 1449 478 5826 1607 4391 3950 6841 6796 1427
12 9675 4807 5951 523 2191 9372 7324 4269 6685 570 764 1085
15 8902 3026 8686 9328 695 3052 7848 5468 2101 2902 5011 471 6844 8507 557
17 5517 6196 187 9288 4722 2268 8166 7265 9807 5842 4408 480 4288 3609 3301 3880 7708
5 1406 3669 4138 2724 5438
15 6135 1256 4584 6138 5271 1707 2929 5869 1337 1731 8091 3412 4180 302 6991
7 8835 8882 9408 6203 8197 4736 9326
10 8300 5608 8081 717 6731 2703 3781 5683 1599 9771
2 2660 465
14 7312 3439 9208 3397 4336 7029 1759 2647 5740 6968 9309 8623 9971 1574
14 697 4250 1509 1338 9994 2995 4254 8418 3886 7073 1588 2032 3349 5029
16 5240 6648 4971 7949 8540 9957 7517 2750 6097 3419 4697 3302 1798 3497 8666 8861
13 1883 1142 1430 6737 3476 6234 3920 8632 229 1238 4140 2936 7688
9 5971 8951 4278 3782 9183 2351 743 3815 6143
13 1993 4414 7425 3750 8917 3391 45 2792 49 4418 8726 182 5010
8 3651 3083 6270 711 6915 9607 3968 5059
11 4170 3512 2220 7392 6204 5456 4771 988 6236 2878 7482
6 7637 9424 8125 4878 5849 8596
6 9685 2930 3062 1639 2430 1452
10 507 1160 6301 1371 7333 393 1437 1943 6573 807
5 7364 4398 2086 4043 7025
6 7636 2270 2057 2644 7302 9723
13 4066 4200 4792 1589 65 242 6225 7367 4010 5685 1961 1694 6999
15 4829 9015 8544 5367 824 8392 9399 79 333 4729 6781 192 8352 1149 7264
7 2418 9005 8317 6214 4779 9555 1426
13 5716 1384 9681 9566 890 880 3682 1895 2747 7409 3273 9217 307
8 3168 7585 249 1501 6376 3431 1928 9359
14 442 6247 8051 6165 8170 925 8894 5577 4901 3244 246 1805 4556 9931
16 4794 8346 657 7872 4407 6086 5542 7495 9606 547 637 56 8211 3923 8636 4671
16 7401 6656 2338 629 2315 4852 868 3467 6028 6390 2685 9873 3604 7722 1064 4315
13 2957 2653 8506 4224 5416 7128 721 4574 869 2396 6499 7702 4383
7 8521 2831 2766 7865 6525 9285 2709
13 209 1647 5323 5329 7788 5215 5775 1184 1645 2606 7981 5560 8947
14 4246 1175 9242 5847 4085 7352 7752 9315 3175 3250 5536 4296 7869 6465
2 1319 4793
7 6529 8306 7002 9818 5596 8897 1403
13 6048 9817 6226 3590 3440 879 8199 5333 226 6317 3422 1540 2130
17 5727 3338 4282 7384 2506 2582 8256 145 9149 5942 7776 1643 6052 9059 7974 6955 9716
10 5213 4493 7513 2241 2595 9423 8461 6084 2067 1973
15 4618 6913 7086 2570 6946 320 9363 2091 3348 1144 8900 9259 9145 8541 8265
17 7553 6634 6374 7081 1960 5470 2068 9565 1268 8608 7786 5051 3658 366 1131 7519 7617
8 8055 6742 2866 1127 1336 4172 4909 8433
8 8189 9485 9539 1067 8865 9332 6311 8120
7 5711 1436 5101 686 787 8777 7432
16 498 9561 4209 8705 5512 4076 2616 9535 7300 276 6496 4000 1327 7039 9390 1868
15 3058 1634 9263 6197 3925 6859 2553 8985 7257 9260 5407 9181 9123 4790 3671
15 5902 4583 9524 4605 2023 1907 8492 4681 1687 2001 5791 5224 1826 3059 976
7 6654 5888 6261 5033 6883 2678 4483
12 7975 5090 8555 5064 3201 8473 574 4431 6534 3844 2679 1570
15 2941 1655 1046 5907 6970 7095 8734 9603 1517 8238 6105 9168 6553 9918 1385
14 7648 5970 895 2415 6963 1772 1151 1766 411 792 9797 8305 1677 2615
13 1874 4582 3650 7979 5450 5667 858 4737 1936 7315 6632 8280 955
5 2539 2360 2393 2341 9868
7 658 2520 1631 9963 408 7760 2243
15 4404 8486 9667 3293 9431 6671 593 5773 5735 2358 8781 9331 4803 966 8174
13 2600 5070 7502 8689 2303 5755 8467 7540 8602 7906 406 3172 9067
11 9037 8998 3454 9428 3136 5319 9840 9350 7673 7459 1495
15 6924 1002 5804 3101 5106 1249 1080 7481 1303 7026 1648 5408 2249 7 980
16 5491 720 2355 7080 2636 6436 7405 3927 3944 2823 491 8442 7166 9938 6423 7836
10 286 2402 5364 6608 6675 1950 7059 6614 4490 9906
13 8173 3305 582 9725 8886 8114 8891 2821 6992 7822 9898 3857 5293
12 7665 6426 6880 7802 5119 8356 308 5443 5458 7955 6569 2914
14 4713 9720 7120 3550 1953 8478 1760 9875 4791 9643 5937 4364 9885 7183
11 1762 7078 9758 600 9713 7055 2474 9025 9389 3528 131
13 6237 1752 2137 2213 4468 6611 3063 944 9793 7896 906 5435 4040
13 7048 8661 6429 6370 7089 36 8866 5599 7596 2725 750 4057 3286
8 9249 891 4743 7051 1576 1701 3899 8942
6 7227 4041 7814 4506 4338 9960
6 8128 9077 9800 7497 923 7641
13 7922 6393 9785 806 5068 4210 1927 8924 7416 2423 5714 3084 3484
13 2305 751 5279 272 4443 4925 3668 1708 4633 6941 535 6606 9351
17 3990 3732 4371 4784 9330 7743 139 1673 2029 3934 1173 7938 2170 3390 3514 7980 6273
16 7064 3976 3879 3513 4221 958 9233 6256 6954 3415 1903 1043 8168 5122 3679 3643
18 6965 3368 2180 459 1255 4038 6574 1502 2010 7851 1506 9887 436 8607 8409 1547 8532 1157
10 9349 7969 1329 7625 8685 5431 1312 6775 325 8879
13 1884 8761 1392 4378 239 6977 2097 6524 4599 5147 5504 6667 8594
12 8675 6879 2334 1241 6341 6872 8369 3987 4479 3526 953 797
12 7379 8793 1011 5595 7157 7888 4731 8920 7696 4350 2490 7524
11 7186 4196 4115 7633 7701 2398 1469 7590 6852 3803 1022
17 394 8892 5779 7342 6683 6810 4464 8161 2403 9551 9417 3745 5065 1633 1659 653 8429
9 6645 1101 1591 5080 6388 5354 8923 1093 8147
16 1955 1465 7595 9221 7507 4218 5570 6489 8364 1938 9909 8859 5363 9465 8012 2224
11 9654 3531 7288 5877 3006 167 9426 4337 1259 7375 5273
19 3411 7548 5238 1748 4473 663 3841 9531 9398 7159 7074 1825 4918 790 6079 8100 3386 2175 7820
11 4467 6042 5401 2069 5515 258 1148 5854 1483 3383 1976
16 3816 1587 9950 754 279 4454 1446 3642 4284 7577 5057 1210 1158 3153 7615 7681
12 1369 8827 6708 3145 3634 2188 9439 8888 4457 68 4936 234
3 5662 7065 1000
12 585 7864 9949 7006 3222 3599 8634 9206 3797 7985 7731 5266
7 7455 8995 7793 1753 5979 4145 2253
14 3257 2690 6969 3418 5635 3489 7932 9413 5283 2564 4203 6840 522 973
11 6413 5045 3645 1468 1622 3223 4668 7964 8538 263 8943
17 9187 150 2160 2453 8603 1946 6552 1672 7033 4294 8834 4813 8320 8141 1931 2909 6300
15 6228 5027 8410 7494 4274 4654 1345 701 9597 2676 8714 6701 6782 3107 6158
10 5212 2465 4497 670 8863 6289 647 4287 2094 3870
12 6922 7457 5105 1073 154 4222 5612 4458 6096 5705 3287 3380
12 7557 9031 594 1548 6427 3872 3533 2152 3724 322 4305 729
13 6663 4028 7207 8576 9966 9008 8222 5202 1846 7824 4631 2968 3545
14 6927 1912 9479 4388 676 4847 6531 2987 9434 13 6931 5415 566 1136
11 7309 7361 9139 9862 7304 8499 5935 421 5760 6603 5439
15 8029 6272 5014 5039 6542 8165 6791 6010 4463 6998 2623 8880 7714 4120 4023
16 8932 9276 1595 9441 6312 7461 2763 7050 3698 2671 7035 2794 6507 395 5410 1898
14 8188 8316 5901 8545 8299 1853 6660 62 2096 1180 4541 4726 1247 6074
11 9851 6313 7562 8126 8258 3908 1578 2800 5784 5617 240
14 5402 9364 5221 9542 441 706 7744 5055 7723 3115 5175 26 2488 2862
3 4520 641 2361
12 7810 9678 6476 8960 8010 4238 4600 8503 3769 1764 5253 9294
14 7320 9705 300 6808 6122 6763 7622 8733 9905 6501 4795 3113 4606 7036
11 2904 2178 5835 4768 2311 4573 597 7269 6148 3500 5840
14 2649 2275 7221 1448 9630 7720 5109 3890 7008 9637 1730 7485 8847 1848
8 553 4685 6264 4708 6369 7859 1544 1562
13 9402 5169 285 517 6149 5905 5947 2795 8095 1641 4683 5944 7878
18 315 3646 1179 3278 1597 9616 3670 9615 6011 3275 3945 2321 8738 7537 9545 7111 304 4951
10 8536 7316 8799 683 4265 9653 8358 7523 9280 5254
14 6485 8243 5356 2229 9939 4082 2953 4983 5269 3520 3977 1230 7783 2030
13 3146 9219 1982 3521 7121 7144 2588 3978 5395 5545 392 4578 2618
12 7088 5017 7334 2596 6801 3350 5162 2103 9711 3218 638 6434
12 9382 1004 624 9400 3081 1484 1419 8910 4424 6522 3586 2888
11 4485 2505 5967 1424 1789 2472 4510 8363 3627 6768 2211
8 4749 4525 4937 2364 7160 8912 5281 4538
15 6004 4854 3469 6187 5217 9053 9414 413 4994 5003 5798 4185 5989 556 8152
9 739 3291 28 5 8908 3003 383 5418 9829
15 8681 2011 5610 4330 9697 7408 8180 2310 9196 4916 1972 3505 1261 6368 9766
15 9477 6279 9303 3753 7520 5165 3889 9521 4968 8371 9215 8674 2493 8527 4962
10 873 7195 5203 4193 5251 9493 1966 3860 6748 9290
16 9869 5783 3205 2893 3763 3935 5231 6440 2925 7163 4522 6976 8710 8797 8013 5398
12 2495 1968 6677 3674 8971 1712 5750 296 3522 707 8350 7335
12 3147 1271 9378 8881 7578 7623 7664 8089 1084 9311 2890 1082
11 9410 4939 7944 8946 4386 6760 3922 16 4904 3589 5865
10 6094 2670 4597 9958 2579 6826 8205 926 9860 7756
11 3362 8015 6303 6428 99 3128 1581 3427 3099 2848 8269
14 9679 9406 8203 1197 1328 7340 7616 7815 9600 3677 2073 818 3456 6494
9 4387 6360 2140 7576 9433 5102 2433 6949 7522
14 9974 1251 3493 4638 6519 4978 5093 1298 5776 390 5964 3543 295 8838
10 210 2652 2837 8438 8905 960 3015 5533 8490 859
10 1311 1736 6588 5961 623 8717 3863 5939 5629 270
13 853 7907 4470 1187 5488 143 5209 7977 1052 1939 6444 6586 8638
12 3566 1282 9407 2237 5153 4596 2798 756 4531 8523 7426 9131
12 2577 9313 9508 2947 7419 1957 6472 3644 5388 6533 3347 247
3 9459 3903 6221
10 6340 3592 7125 3704 7774 1242 3388 3858 5857 3523
12 6220 775 5176 8779 3074 3581 1575 1398 3417 7069 4750 9243
12 5495 4244 6578 1224 6691 1754 2815 5485 796 9517 664 2276
14 874 9889 8645 9826 201 3519 5897 4324 8138 759 675 3080 4719 8980
10 4848 5303 8257 1695 6259 9773 690 8519 4042 7992
9 5632 2021 905 504 1636 4445 3853 495 12
5 6825 3216 1933 6960 2055
16 3989 3746 9526 6036 3847 3399 7012 917 5142 9154 1287 2286 2322 5720 1732 840
10 3647 2022 7639 2853 5544 8487 8 7123 7467 5538
12 4665 4114 4486 4032 3878 1375 7644 6335 9484 3690 8154 60
9 8489 9575 986 2439 1850 3379 1401 8455 3861
4 1252 8664 8253 5646
14 9068 5708 9583 2197 3881 7027 2822 3304 758 3480 3032 1288 5726 6623
10 5892 7749 4323 8247 7844 73 5077 7881 4374 5459
13 519 5018 538 2777 7852 9308 9069 2643 5362 8396 8057 9891 9932
11 8739 2330 5353 473 4322 3312 5812 749 9753 3994 9198
12 9166 3966 9265 3731 2682 1811 4766 3971 9669 4311 4319 5493
5 2000 1660 9333 1140 7601
11 6172 9006 9193 6249 1126 4181 1141 7011 6723 6339 7024
11 1476 793 8997 2524 6624 755 4134 7281 4883 3110 5412
7 5991 6482 3369 2610 3620 6993 667
10 921 7900 4212 6811 9989 6934 8707 1728 360 4432
9 376 9474 6124 1091 3464 2886 6088 9396 6127
11 5054 2366 5104 8234 8466 1185 9184 431 321 3562 4192
5 8227 5311 6093 5819 5718
13 9626 8548 4659 2332 1342 347 3728 2064 6212 9438 9776 4341 1740
14 4058 9030 4593 7176 1905 9435 2932 6355 4769 8232 2280 1055 5723 2185
12 3910 378 4092 4262 5327 6892 7983 9 1488 9635 4348 6342
14 2313 8573 2999 2141 6678 4730 7868 87 5130 7112 3284 5002 6400 2427
9 9252 7291 9365 4412 4611 5455 8690 836 4446
14 9666 8823 2304 3509 8741 5520 9009 9959 4961 1878 7950 5978 298 4846
7 7468 9568 2421 7001 5547 5020 757
10 245 4664 5462 744 1237 9726 1802 1191 8884 8535
6 7957 8587 6639 8511 4316 3560
8 9735 3829 2462 5084 5423 6717 8430 4354
10 3435 2468 7328 8914 1039 5657 2550 3042 5682 336
15 9965 5917 2802 5001 6743 5482 7923 4864 4363 6715 9004 7238 9591 9126 5659
12 1625 7448 7516 9661 2027 4240 2262 7052 8647 1290 3850 1226
11 7638 9238 5314 5274 8200 1915 7669 316 5476 136 4741
5 4658 8014 8553 9146 4241
13 9581 5031 1428 1827 3897 5078 9719 1617 4977 2200 5280 8171 5987
10 6069 6601 2406 3610 470 8365 8836 9277 4332 3825
13 6034 1644 6921 8692 7718 5186 5671 9338 2993 4049 9374 899 8925
13 4776 5394 8872 9318 7447 2367 2092 9301 1573 2770 4545 9088 2764
11 3114 7143 7620 6014 6759 1542 6334 9792 7649 4133 7058
11 5721 843 4628 155 3996 8454 1120 5047 6789 1304 6073
10 4396 584 6602 6560 1520 9057 6635 8424 8210 6919
4 7716 995 4820 7713
7 7248 1302 9240 78 9017 5145 1114
10 3054 967 3689 5339 7589 9956 9552 7017 6170 3458
11 2714 4834 2910 9784 9055 4751 9467 5494 9176 7049 6828
7 3779 2958 7972 6595 20 3618 2563
11 4536 9358 1525 7168 4095 6195 4399 8282 5058 3664 3954
6 2412 5845 7151 9717 398 4650
10 4112 6696 3262 577 5037 9336 5874 5449 2271 1929
9 4291 252 3186 8526 3118 8275 9507 6650 2208
5 3775 8624 8842 4868 5127
9 8449 6133 8072 3150 2214 7593 5949 4844 7093
9 3557 3494 9153 7218 1983 5592 1207 1418 8002
9 9118 2292 2931 7528 1380 3095 455 9172 5414
8 1724 6398 2115 6463 7968 795 3969 9876
10 6159 3623 2722 7454 8812 7279 1935 5855 4553 7700
11 8079 7746 2374 257 3960 3472 410 329 5125 1134 8684
6 6245 4880 2346 4281 7241 4841
6 9090 5837 8284 4026 7997 5578
11 1323 9612 4625 4632 968 5164 1899 3180 685 8740 86
12 489 3066 8366 7100 2545 1092 8206 650 3792 170 616 5035
9 3191 4247 4981 6855 9032 3407 5348 2411 4955
9 2648 4985 8676 6309 4757 6250 6994 3097 5144
8 1776 9559 1686 1831 6583 5265 1020 1076
5 8343 1932 7584 8643 7621
9 4046 9355 4614 888 1172 440 6978 9990 8921
10 8699 1146 5643 8145 6445 7289 8185 8480 4116 7855
10 7867 1415 694 8006 911 4273 1001 1139 7441 1653
9 7806 7094 359 2820 4610 4149 4 3279 1212
5 5480 8313 6481 4047 3021
8 4689 2142 6555 5121 1060 1522 343 2163
9 9844 1322 745 2050 6005 5661 1923 2117 8036
6 4845 798 2080 9775 1456 9677
10 5393 2352 4789 34 7443 8568 8080 6750 1646 452
3 559 8143 5968
11 4869 6907 1624 8061 1917 8702 6958 1579 6997 8957 6944
11 7020 397 5658 5984 8417 4484 6070 4695 4013 3631 7586
10 3555 2056 6863 8432 2832 9596 2457 7527 2273 8818
11 9028 4802 634 8778 9310 9953 2879 3741 8375 5697 3000
8 81 2768 3096 2266 6914 9532 142 1254
9 7817 6692 2111 1334 8380 3838 6271 2530 3626
10 461 2400 4232 9060 7771 5581 3712 4277 8163 6613
9 8150 8672 6371 188 6819 4186 6890 5149 1507
6 4624 9742 5794 738 7056 9520
9 8395 396 4074 6530 2155 4928 6323 3656 2509
8 3795 3694 2269 1698 7991 2540 3289 2521
9 4673 355 9919 5136 14 5896 2864 3402 5841
10 2316 3721 6353 5908 2549 5580 9782 8001 9796 9120
4 1215 6281 8248 835
9 9657 7267 539 4385 2946 443 6191 2813 2252
10 7711 164 9158 9780 6055 5802 5048 4823 2691 2169
9 825 6902 3213 7536 4253 7427 6627 805 8217
6 8272 4810 2629 7565 778 5225
4 7438 9880 7728 9530
8 1459 3359 2381 5894 3571 6210 2897 1244
9 9144 8785 4249 964 7945 5932 3742 9304 7611
10 8458 8784 4944 7285 9588 9676 8279 8327 4799 7223
8 4872 5694 2721 6564 7821 3041 794 4292
11 9979 6491 1934 1041 6131 7332 8411 2609 9916 562 2363
10 5626 1433 3980 9437 8619 913 5647 2839 1887 626
9 6729 5664 7741 4612 289 5460 2138 6060 6492
10 7787 7394 7653 5490 6227 8066 7290 1295 8654 2586
9 4575 9586 6495 3801 2877 1699 2659 6185 9334
10 19 1908 8353 938 3487 2517 4380 6322 3723 1558
8 5674 7501 3139 3337 4753 4723 5900 2627
9 3940 4340 1989 8525 7850 7374 8622 4158 7219
9 9967 2646 5898 6933 1234 3652 6242 7825 7214
6 448 3330 446 251 1293 8019
7 2741 4163 7798 7345 3515 0 5108
10 2119 4884 4460 1057 8016 8934 6559 2818 3087 5588
10 7293 6012 6480 2978 3091 345 3703 8078 3313 1202
7 2198 8767 3982 4572 3252 9638 1404
11 2512 9944 3090 3117 5481 946 2522 2018 9986 6241 4622
9 7253 3173 8745 7322 1975 3733 1847 9281 1410
11 8736 6689 380 8244 1486 1270 54 1213 679 4091 8054
9 8167 5619 1286 9455 4298 6943 8308 9834 8874
11 5424 2112 2272 1572 1155 7105 1216 107 2847 6288 4891
9 2382 6181 2344 1119 7431 427 3965 998 7173
5 2261 2082 4942 8402 8907
9 8868 5260 7205 6102 1554 3868 5159 3975 8069
9 8786 7387 2863 5072 9788 7487 2594 8106 1009
8 5593 3163 654 4306 9540 6664 8862 2816
10 7196 5452 2959 171 2242 6145 6792 6207 2983 3931
9 6526 2122 4647 2662 5505 4189 7943 8414 9850
11 2147 3215 1188 8749 3061 3206 7833 900 5434 1003 1948
9 4029 3625 9447 7970 204 2193 1341 3619 8131
7 5679 103 8048 3548 8683 2698 8556
10 7318 3311 1725 3256 5950 8655 6621 7496 1705 7795
10 4184 698 3828 1816 7181 4054 8808 8301 2508 7509
8 854 8667 4135 6935 9648 1614 1318 4124
9 4450 3877 3630 9663 9814 7563 962 9536 7566
6 9751 129 205 8762 6365 7986
9 6724 2787 2984 3962 2499 8124 8251 4320 5446
9 5377 4532 1071 8565 1691 1367 5758 2225 2658
9 9897 613 7892 9689 9220 8087 6439 3617 1425
8 9100 134 1666 2379 5044 7146 3346 4393
7 4087 5625 2918 5151 6470 5606 939
4 4301 7228 8718 6111
9 4924 9444 619 4148 8046 3310 4127 9472 2090
5 8464 5426 8721 288 1545
2 7373 2591
7 1721 928 723 2692 8156 2840 3984
7 1773 7347 9489 2289 3478 5179 5244
8 6740 5156 5763 5997 5895 6 9573 8712
7 2605 3508 631 4735 1823 2544 8349
9 2881 8239 7966 6169 8625 6108 447 4987 4243
7 9011 9624 2204 8885 1374 1586 3737
6 9503 2288 2806 7133 464 2038
2 6548 3491
3 8991 1817 3569
7 5437 6581 264 5833 3749 7404 8558
5 8038 7280 3705 5501 9476
6 7028 39 6382 9451 2597 7603
8 7314 881 8160 558 8893 6514 181 3517
8 7882 3905 6830 605 1680 4220 7460 5586
7 1480 6462 8732 1107 3265 9097 5543
7 2693 3198 5321 1594 5604 3120 971
3 5864 6362 6834
8 7329 6363 5739 3187 4303 7476 7937 914
6 5317 9509 4996 3887 8850 5399
8 2343 4898 7003 3864 4998 9764 2134 8196
6 7904 6072 2491 3134 6467 3871
4 4144 2298 7182 5672
4 9702 9099 8070 8543
4 262 8452 8606 4662
3 6520 2007 8377
