24 6198 187 3183 1574 4049 8177 330 4166 1926 7183 3951 4408 3164 970 9540 4004 7597 7815 4383 9158 8106 8939 9704 8691
21 8103 9738 2234 4974 8568 9594 1365 5370 7481 906 5307 555 4190 1007 3678 4201 3262 3548 3246 6375 8426
28 6599 6440 5876 1959 2922 9328 328 2715 3503 1197 979 1276 7976 4673 3934 9990 3777 8251 4110 7703 4652 790 510 3622 1214 1402 57 866
21 8450 2223 691 8653 8504 8590 3612 5990 5058 3854 3882 1370 4527 734 7598 4095 4667 832 2114 4713 6174
23 2822 9151 6933 6021 1734 3471 2557 5310 9268 2912 3847 2036 8679 3195 9324 9499 3242 886 6515 6612 3981 9280 7312
24 8033 835 2758 8854 6638 3288 1312 817 9120 1515 9391 6566 1677 996 941 7038 4724 3364 3191 9300 5852 7612 1905 7924
23 9670 3039 9053 7320 2452 4754 5917 3150 7773 5224 2609 4948 6979 9949 6221 4898 7000 7830 9490 5848 1838 5972 8578
21 1179 7678 9141 4236 5524 6992 5585 5726 3049 6779 5637 800 689 6015 111 9862 8231 1352 6156 5027 1887
21 2603 7318 2635 5959 2772 7395 928 2048 4573 5783 9803 6369 2106 6553 8462 6814 4612 877 5497 3609 6453
22 9058 9822 2139 6812 1842 336 4279 6876 7016 2018 9565 3905 3887 2071 3797 6454 7950 5579 8413 8807 664 4814
22 1434 3448 6056 3190 7539 5147 276 5127 2633 1430 3703 6446 9059 3770 1427 7536 7645 2355 7701 580 5727 5479
19 5371 5325 626 6778 8885 1600 740 3272 8577 9853 8974 3229 3035 4284 1948 8137 7491 7620 4819
19 8725 389 2440 4466 5160 7581 8906 5 2154 9571 2983 2542 7455 8813 3819 5720 9877 6204 2882
21 2446 4172 9692 3216 8565 9129 610 956 5862 7671 5474 452 8294 2184 9135 7290 6741 2014 5695 8135 1537
20 3883 6096 9764 7475 6102 7482 4942 7110 6205 1485 3683 7765 7727 9575 1589 8989 3893 1103 96 3535
22 5260 8946 280 2803 493 8286 487 1863 4739 408 9599 1784 1149 7390 5397 4941 907 9068 3010 1223 4839 5485
20 3117 1599 1186 6463 9382 62 7691 6994 7240 9314 9308 9921 6460 2720 8956 8842 4723 4637 7779 9683
19 2849 5604 1711 7216 4170 5612 2212 5210 9302 1342 4341 3254 1360 8047 7990 600 2817 9292 8534
21 6781 3611 7822 5903 434 5318 1093 675 771 4185 1219 8025 4334 1564 9007 5411 2500 157 3897 7514 4493
25 6130 6669 6683 3833 1037 2252 593 3537 8375 184 380 3185 5510 400 3105 4544 2705 4825 6484 3028 3941 9707 4113 8975 2290
19 333 5634 6062 1339 6871 9773 2258 5742 22 4247 3398 8253 4992 7973 305 4258 4623 471 5212
21 9145 7833 6347 4994 191 1036 9967 1042 1009 2403 4289 5100 4489 2867 9072 609 2428 5947 4676 3512 285
21 9832 5455 9054 2496 2332 7120 6099 6309 5274 3715 3130 6037 8245 7267 9179 3464 213 2949 3047 645 7143
16 1893 1614 1907 7467 9240 2919 4638 9664 3134 3879 6457 1401 947 8283 5648 5631
21 5354 8447 7251 6748 6815 9097 6551 3326 6919 943 6711 8917 4818 2020 7549 8149 1636 2527 6977 8196 1450
22 9742 3076 3425 534 8170 9042 3373 5020 5542 5580 8517 7869 1671 2909 5951 4591 8446 8279 2845 6653 2292 2886
23 4922 7494 5941 2512 4151 4655 5351 2770 6286 5253 4370 1694 5279 6999 3310 6719 1914 4277 7018 7556 2034 2972 3046
20 286 5721 3987 6150 663 1795 4867 250 927 7580 1189 1861 8844 3795 7532 4943 9673 2593 6617 9551
22 8090 9460 8740 9966 2815 5713 7488 1243 2450 2027 8469 7304 7610 258 2852 143 1873 264 4112 9419 4865 1702
21 8551 9688 4122 7042 4046 3380 397 8609 2410 6535 974 2802 3982 3502 231 5718 5775 4656 7438 5340 307
22 8183 698 3772 7335 8438 2535 171 5125 9272 8642 1693 257 3506 3515 71 5108 7682 245 5737 3409 6953 2702
22 601 6319 8971 2604 3746 3455 2394 1593 8423 5278 2558 4062 7423 4344 5259 643 7859 9588 9050 4800 7881 2174
23 1717 9581 1846 3656 1192 7253 4560 7383 6500 164 9892 4025 2707 3774 7503 3020 4617 2666 8787 2315 830 7585 7563
23 7426 6982 2418 3866 7579 4834 1592 1998 6470 4044 871 2230 7257 6813 6085 7919 6228 1070 6220 4125 4509 4094 6443
21 8207 3383 5566 9139 5436 9955 8454 743 7024 9818 8499 9839 9871 7989 1406 1507 6846 6530 2564 247 646
22 7337 4751 8120 2767 6000 515 6049 964 6744 4938 5502 3908 7091 5352 3923 6749 3801 3180 6924 8758 6725 7225
22 1271 9131 4717 3295 9974 2569 2439 3858 3299 3018 1980 5601 1329 3127 3199 3132 1145 2540 1736 4555 5957 3007
20 4469 7329 5553 5333 2144 8726 2409 1797 1074 2547 4515 5847 133 673 5800 1830 8129 2727 6466 8900
18 1751 3278 4200 5796 5911 7651 413 6820 822 5768 2408 1188 7692 7069 618 4738 5495 4763
21 3027 7922 4152 3680 2167 2637 4734 9883 1431 2735 9979 7370 3065 32 1662 7199 169 8599 9103 8571 7373
25 8297 3324 3306 2752 6753 4903 2622 3644 6389 2435 465 6989 6862 6378 2577 7043 539 1726 9810 6726 9040 4244 2447 7425 2598
20 2993 8586 8980 7295 1855 2057 4395 9172 6559 4432 3794 529 5438 8915 914 3495 6078 2200 481 8984
25 3256 2954 2693 3524 1448 8954 7375 8478 6971 1895 5235 6344 2097 70 7275 7596 5869 2534 6208 3920 4280 2219 2697 7476 6736
21 2209 8669 1425 1148 2430 3716 6027 6616 3203 5053 9854 8593 4431 5332 6829 8761 3692 6968 8614 4389 1058
21 3384 6155 5148 5229 8381 5138 5010 3341 3304 5068 21 4435 9222 1968 6175 3370 903 5806 17 4498 4786
22 577 4662 5965 2506 4355 3917 2745 888 1477 4460 2062 7188 1960 2092 7321 838 5114 2256 407 9525 8491 1480
20 2182 7984 8566 8445 3949 308 3587 5757 1120 2083 3791 2656 4430 3136 5808 9024 1819 2889 5487 976
23 1965 6257 5213 8481 9150 81 7359 8154 8840 9368 1166 1747 3241 8963 9448 3063 4213 8908 8764 52 2988 4861 774
20 6950 5467 7985 3323 678 9909 6244 5296 8004 9500 4153 7213 7247 6406 7696 4312 6539 5541 6905 9701
26 3491 746 8406 8523 7798 8053 6520 8281 8920 9880 8235 980 5603 2928 3631 8659 430 5265 3646 7893 6380 6607 3895 3728 8674 4972
21 7653 9215 8468 5149 1779 6973 4784 3346 606 4116 2794 670 1899 9906 8142 2077 112 7732 3550 6043 1159
27 5062 5673 9887 182 7529 3679 2042 9273 6125 7952 1996 435 2937 3865 5311 2986 8861 3360 1261 3034 2251 2015 2708 8667 9528 4133 6894
27 8724 2607 2241 4802 6790 3610 4137 7880 5878 925 8466 9720 1309 8857 9116 1459 7077 9800 3108 8373 4438 5899 1523 8198 4886 488 8030
25 9014 6543 8903 3855 7742 9258 8873 5748 4889 4888 6033 8144 9466 6192 1774 895 9931 733 2692 8414 1578 9922 2650 5871 9333
23 7828 773 4318 3264 3762 7715 7870 9491 87 893 6138 8284 4212 4547 1452 6433 3301 6384 7500 3378 8868 4982 469
27 8044 4494 6888 9646 4217 7084 4005 7668 6437 2613 2064 5403 3742 4844 7334 8611 237 3771 6345 2982 6930 1173 5040 7292 6039 4441 5143
26 5262 1556 7638 3659 9219 8108 1095 8564 5353 3745 2477 8627 5976 8760 6171 6287 239 1744 3054 5767 6837 6851 7546 8804 4499 151
21 602 5944 9951 9352 35 4454 7629 8089 4379 1128 3778 1249 2369 6462 9312 4955 8310 5931 3445 2361 725
26 3831 9284 6770 6461 5113 5112 3950 5052 679 7960 2142 7876 1158 2255 5063 2617 2010 1866 5662 6079 2663 3329 6734 97 2641 5264
22 3922 1595 6970 968 9751 7158 8012 8263 619 8013 9090 1023 2842 8109 2151 4109 7836 583 1623 9239 3749 2210
23 3145 6227 3693 8356 2472 1994 2591 9078 383 2552 5983 8296 1920 6502 6743 6451 2888 8999 8319 4070 3142 4668 3572
22 9246 9243 7787 4910 1923 7408 7988 530 6331 1526 353 5281 2314 8490 4335 1918 4103 4752 3255 7095 6144 8456
25 1386 5939 8432 5400 7249 5522 2838 8506 6300 8988 648 4988 1915 7846 3461 3437 6226 4232 6302 5884 4010 2112 8662 6126 9259
28 3968 9662 1896 2855 747 6030 8936 2147 3733 9831 1542 7379 5302 7202 2891 1880 8855 3477 2237 802 1571 1858 6712 6827 9946 6132 5902 1447
28 8407 4246 3878 5966 9397 3757 8865 1222 2194 8783 5293 360 6354 3453 3124 1056 3753 3458 3799 6104 613 2792 3885 5733 6900 5754 7250 9486
25 4616 3533 3630 8547 6073 7980 6652 6328 8316 2061 9917 2474 6728 4382 1029 9252 9564 8087 1351 9671 1955 9401 8452 4558 7600
27 3873 8579 5967 5669 1429 8418 6112 2322 5975 4559 6705 4375 2033 4161 5202 9283 7909 5037 1495 8866 3852 5977 1400 657 9775 7389 5190
23 6603 5492 4896 7992 443 9437 3802 3481 7863 3356 3011 7809 3888 6048 4970 5205 1338 9294 7325 3787 6108 2655 351
26 8220 2636 7545 553 5462 9735 3266 9721 5499 7392 5935 6276 5687 9910 5329 223 4410 3377 3853 3814 3359 3824 4879 3394 945 4624
26 9872 4390 1040 4957 3050 9625 8417 8460 2001 6268 8652 3494 3490 8591 777 5962 6895 3525 1391 56 303 8271 1884 5762 9610 5558
24 1187 811 5668 3671 4183 2853 2538 7942 9247 4873 6025 4919 5122 8871 8190 9323 7733 5614 3433 6589 8048 3206 3200 9539
29 8786 2381 9288 1468 6234 4386 3186 899 2687 1532 7462 878 2153 4100 5894 6010 6684 3382 585 700 7212 9209 7676 2070 5617 591 2696 6923 2199
25 2517 9104 5794 9806 1220 785 9825 8201 3780 7761 1825 1172 1097 3759 3026 8295 7155 5287 840 8331 2490 4429 748 1072 5872
25 5835 3929 9820 5528 7636 9811 5066 7361 3544 5763 6606 995 7753 2548 6386 7388 4226 1713 9387 3109 9641 3916 827 423 7055
25 474 1712 6093 2145 4587 1138 5433 1194 1310 2725 5963 8892 3849 9844 6414 66 1511 1169 3293 7479 5641 7211 7454 5088 6593
22 2698 7397 3316 9079 5867 8741 9186 6800 686 3251 5820 2671 5978 999 5248 5399 6789 3077 4269 4242 6465 2065
25 9957 5077 9785 8613 3114 6764 4272 1799 7958 7949 7860 5761 9902 7953 1616 2740 887 3125 6863 1084 1356 5663 2443 3577 5571
26 4764 8125 417 6961 3744 1750 541 74 5547 3986 5480 6735 4748 1461 5214 449 5590 9999 5154 1584 9566 7547 4626 3591 3023 814
24 78 5136 1704 6402 5534 837 2918 4809 3192 9067 3286 8967 6941 6253 559 1840 9427 255 4191 2592 9693 5929 9377 8770
28 8424 4107 9492 8003 4966 462 1715 1674 2136 7046 8318 4019 2370 8512 5840 1936 2342 669 9197 9119 1673 5295 8429 6247 9269 3469 6917 9335
29 681 993 49 350 6407 1758 2468 4703 4377 1420 4263 8122 1709 4402 6701 1761 3441 1137 3213 9469 3319 6505 7041 5979 9245 2074 2079 3995 632
32 6330 554 8977 1410 9627 1588 8746 33 8264 5704 9771 7387 5701 1935 2080 1870 7346 1094 4332 1496 131 2653 8837 4787 7573 6020 6987 9357 3307 9631 4505 5764
28 3236 8166 6003 6922 3731 8727 8365 6817 2797 1871 6824 5578 7355 8455 5219 4551 5752 8168 1088 7353 2602 9846 272 3597 269 7567 2553 6478
31 4078 9445 5334 4507 1051 3845 1282 7526 1944 9737 4856 6574 7400 6456 5290 259 6272 9959 5104 1221 9630 6850 6877 241 8800 8098 8021 3739 5155 2694 3369
27 9960 7186 6265 9685 7982 8751 8714 8937 3019 4356 2274 8628 8562 5395 9655 8775 3983 9609 4614 1376 1240 5980 967 5111 6066 823 1061
29 7794 1807 6416 5109 3557 3122 4069 6036 1302 5904 9703 3834 9081 9411 7725 3672 9507 1013 3419 7168 7098 3999 2861 4939 4932 5019 2392 8179 2778
29 8184 3452 9584 5115 2965 9484 4304 343 3001 6738 4292 8008 8616 5024 986 7005 7298 1504 5943 4727 3113 1732 1903 2192 1065 1843 4296 195 7602
29 8698 1125 2793 4870 9175 9033 3755 8798 150 6978 8668 8147 872 3290 3095 2944 5839 557 6742 3599 5174 4648 705 1101 3843 6116 1129 7486 9924
29 1048 8128 68 9286 4983 8293 216 630 3480 3166 4440 2495 8390 2657 5072 4177 6134 5730 7834 6315 1213 3737 8817 4876 1617 8521 8075 3586 2751
29 9392 9498 7402 8919 2305 432 6580 1854 3830 8638 2763 9821 4835 924 3585 1409 7615 1927 3890 2321 7027 6685 279 6803 9341 4859 712 2025 7618
28 9340 6488 4765 8052 5117 232 7464 5506 8914 2832 1104 3194 911 5428 8007 8338 5268 5539 3820 5422 9085 763 7535 6805 723 5381 1633 5538
30 3423 8172 1956 2769 1554 8162 2279 456 9795 3803 9954 1092 1163 1244 680 1553 7035 7171 418 9471 9929 1087 7366 4333 7530 4121 7101 3713 5009 856
25 6808 6578 7173 4239 1465 8176 5170 6874 1676 6707 5766 2463 8814 8883 7238 8732 9659 507 5554 9083 2081 1534 9605 8622 2328
29 4182 3060 8934 5483 9754 1521 2673 402 975 141 3500 4736 2590 4906 3629 9672 2869 5652 7218 440 6232 6949 4711 6118 3223 8411 1318 8112 7289
28 445 3119 7611 4824 60 3992 4817 6618 5218 8377 7835 4533 2780 109 6143 8255 2546 4129 2110 8480 2118 454 4206 8863 7274 9210 3688 6838
31 8453 2847 687 2459 5826 6278 8594 7538 5157 3465 6163 1132 110 8330 2606 1280 6471 4417 9996 2185 5076 1613 9717 2307 5708 8 7627 2196 3053 3655 8535
30 9189 6425 4807 1139 2384 6374 3332 8933 5323 674 6750 7664 4684 7082 6674 5417 178 917 9047 6512 8587 9534 355 6549 7819 9649 2421 6602 2883 9557
30 8078 6956 7708 8017 5751 1325 6516 1547 385 9936 5406 6567 3835 9689 6849 7404 1952 9 1063 214 494 8843 2113 6058 4159 2816 5145 349 3752 889
30 8896 8654 8080 7449 8833 9394 4672 4874 5071 7784 83 5000 8665 2390 1314 1458 475 1488 6334 9262 7410 424 4604 46 1343 3523 2317 217 3154 7644
28 7584 2830 2351 5984 2570 6237 5079 9533 7981 739 3507 8801 2818 4511 3944 7233 6696 2798 5741 5272 5043 3973 4464 3792 797 8157 7498 2115
27 6570 4322 3169 4442 5520 6167 3625 3647 2233 4900 7345 6018 8826 7623 9796 9852 2695 3805 5989 4924 5362 8064 4772 7562 6774 7505 3459
32 3187 1130 144 2195 9719 1133 2782 2334 8292 9457 6630 4657 2878 8248 3390 1498 7831 8362 2287 4525 4482 4847 478 6759 2941 7398 562 867 9638 1912 607 5101
35 9106 8404 4433 6655 5128 8083 1890 9761 9238 9406 3430 2176 8309 5694 1320 5451 4294 8675 8348 1068 8713 1469 1117 3231 8269 1286 4330 3789 3497 9479 267 2117 7139 754 5819
32 9740 5613 2169 2013 1283 5228 4550 4589 1897 6097 4869 9855 6948 1294 7114 7044 5646 5546 4106 414 6249 5655 9749 9516 8735 7302 1232 1481 5341 9301 6797 9582
31 8085 8440 9591 1014 2756 9076 5082 8006 7915 7561 5887 2179 6160 4679 1389 3121 4599 1853 2508 775 7081 2227 4868 8563 3337 3140 786 5449 5657 1995 818
31 8364 3937 779 5868 9485 7278 9851 468 1011 1444 4266 4428 1962 125 965 4148 2658 7912 1763 3432 1652 3732 2688 5626 2579 6541 4790 4255 485 8515 181
25 8598 482 7511 9743 9263 173 8322 1233 5291 4132 1847 2560 6670 8688 2216 4035 3880 2402 6140 2277 4198 2934 3447 1878 6011
29 8858 1387 6785 9522 2395 3040 841 2320 1688 2100 7076 8345 5367 4829 3096 5299 9830 7803 9587 7040 608 3428 6937 3617 9379 9167 18 7714 4608
30 5014 3492 9850 1862 5313 8992 5424 7489 926 9338 2843 6412 7036 8347 6063 1482 7012 1052 6323 4610 2087 8156 5194 401 9682 5316 1112 4850 4593 6832
27 5336 6482 4156 9678 7891 8646 4385 1555 3320 8260 9502 9118 7276 8882 6565 4843 9077 7217 4299 1563 5923 6019 8102 9945 695 7354 787
33 1999 3704 9826 736 82 5860 4104 7878 7748 7483 5822 1096 5413 5420 2121 3321 8436 1856 9390 4080 1876 8497 9709 7428 3244 508 8403 7940 579 242 9101 9572 7094
31 3025 5041 810 9884 338 3275 4307 6274 4521 7045 9317 4728 6693 7509 7058 95 5378 633 6353 302 6045 8304 8419 179 8656 1077 765 7301 3066 1951 2269
30 816 6214 6819 1597 4697 8421 4722 9939 9660 6872 2373 4582 8115 9736 5581 6439 9794 8972 2929 1190 3372 4725 6165 4041 4620 1005 3135 948 1279 5549
37 1833 1539 3856 5740 1675 6283 1016 9165 9229 7441 5376 2161 3675 4396 594 9815 8159 7554 387 1147 198 8329 1457 1567 2341 7889 3790 7283 4686 8664 7311 9496 8326 7228 5702 9878 7100
34 9111 7781 846 4951 4769 9115 6292 971 6267 3711 4388 1089 5597 4178 9110 5169 8185 2704 8355 6611 1383 3574 5389 9611 6682 9199 9541 139 3823 7977 8084 8306 8845 882
31 962 4671 9447 6497 1491 5345 4715 4144 9549 6703 1253 3340 7407 4147 9160 2551 8254 2372 3102 4164 7813 6739 463 6381 1561 2180 3689 1506 7897 8363 3988
35 1572 4581 7695 1670 7458 1462 4309 6427 3427 3912 8912 7812 332 881 8448 9303 3449 2056 9002 1453 4756 2484 1941 2026 4086 6035 495 1775 1455 2089 4426 2072 3351 7121 6506
33 3075 275 5583 1983 3560 2555 3722 4795 3100 6236 3176 4241 9173 2913 2685 5994 7075 1439 183 6009 1789 2319 8199 5431 5267 9234 3874 2476 2374 6909 7601 6761 3607
32 138 4303 5049 5938 3618 5182 2295 1440 1932 8076 5570 135 3110 7672 1405 3686 376 2424 7265 7053 5790 2568 9487 4202 5078 6468 8729 3676 2784 9201 4531 6415
33 9180 6152 9747 3519 1499 4286 4314 4487 1836 1883 2924 1319 5664 4420 4317 3343 2432 381 2270 490 5572 7826 6004 5745 7057 8467 8010 312 8393 6907 6709 2819 5276
31 9988 4796 2005 7191 2339 1865 8249 2961 5821 9254 1218 1622 1168 8189 5600 5230 4669 7378 8242 8960 461 9928 3714 7051 4007 890 7658 942 7453 9962 5586
31 7324 994 4797 1021 4068 1520 6822 9989 5457 2541 5434 6385 4124 2935 8769 6024 1892 5373 4934 6621 1403 8041 3718 9009 4073 4563 459 6103 3800 9679 205
28 7606 1348 2649 1205 6995 7203 572 4642 437 1679 6225 7525 2699 4160 2464 5531 7823 8626 742 6346 8361 7391 8359 1311 5515 1834 5882 7478
30 2163 2583 6493 3702 684 1203 2744 1777 9289 7097 4293 7009 5073 5048 4855 4146 8276 3085 8082 268 1201 3217 1384 885 6501 2250 4008 5936 9778 9774
34 5046 7487 8927 8969 7929 3005 2755 2218 7406 7054 7111 6523 203 7352 7935 8821 3488 3269 5786 5409 101 4406 9465 7832 8822 2831 8676 5873 3084 7868 8520 3239 2510 47
31 13 2086 5756 4535 3331 919 3881 7592 8528 6740 2722 615 569 5347 2877 2833 7288 4128 8926 9276 5567 9998 524 9783 9230 6034 1478 3712 983 6833 4820
36 3387 9031 6931 2890 5472 2244 273 4084 489 5925 5105 8476 3546 4519 9092 3314 3368 8066 5095 6432 4492 8023 9626 7262 1273 4491 5858 1251 3593 298 5445 7583 7713 3649 4479 3197
27 7382 4338 6936 7323 1737 2126 9182 9327 4822 4101 8722 8015 3271 7184 1606 6400 7133 4719 5139 3915 4233 3338 3224 1930 892 8100 6074
29 2146 9213 1364 7496 9804 2906 9147 6162 230 9976 7824 2188 2859 4743 4139 4378 1886 3891 4860 6087 7634 935 315 4012 4369 6201 7788 9535 4561
28 929 9117 544 4650 9606 7986 7679 2429 4158 8222 55 9217 6706 1114 2821 7932 8702 4143 535 2676 1987 7913 1966 6583 7074 8747 1209 2712
30 5552 9538 9942 1417 3954 9907 791 431 2009 84 2539 6213 5450 1552 8860 6050 6110 1471 6314 1992 1476 9265 8428 7252 1669 8685 5582 2718 5569 2385
25 9361 108 8624 9899 8111 8040 642 2316 2973 4371 3514 958 3043 226 7285 19 3000 8091 4485 6209 1874 4020 7810 378 7553
31 6423 3361 7394 3172 6910 304 8754 9235 4363 9842 1395 2887 8604 1483 5732 3886 9513 3552 5773 7684 5335 7749 4308 3526 2588 4038 7683 7604 2703 7677 1288
32 7138 8099 9756 3919 4607 721 3238 3667 43 4205 4641 323 9035 6648 4456 331 2682 8422 6223 2945 1640 4372 4806 7293 1362 5452 6560 7717 1396 3207 3697 6513
34 1472 3240 3505 9227 5153 9128 1059 9629 8651 4298 7369 7401 9056 5584 4127 5998 8435 2724 7844 8759 6991 8158 4534 6964 3969 9519 6089 897 2987 3848 5812 616 587 2902
30 3709 5535 2599 2350 5883 3091 8581 2595 7847 4028 741 5080 8094 153 8780 7558 803 6494 2521 1656 1335 6458 2773 3691 1900 3352 4459 1474 9705 2716
31 1577 8545 7574 659 3620 5102 6464 8812 219 6364 1002 2647 5405 2465 2082 1664 9297 5493 8186 3248 9337 8856 6095 1200 8748 732 6818 9900 3457 2904 9438
35 1579 3198 1060 8710 7894 8872 7144 7286 132 848 1692 5366 3280 3146 9677 1544 4603 4421 7763 2224 3376 4645 8684 7582 7797 433 5004 1529 2884 2812 6577 1509 3959 8195 7319
29 671 2202 6258 1278 3417 4250 5744 2331 7955 5749 7131 5533 2643 710 4045 6111 955 2975 8997 807 1394 9926 5364 9146 6289 6499 4367 3014 7223
30 9718 4996 598 1124 2166 7086 2531 5700 1872 7328 1754 7308 603 4120 7778 4693 834 8116 8921 5636 6571 2880 6855 7128 3111 2261 8002 2448 5729 3970
30 5482 9211 9727 6623 1275 9702 5999 1239 4627 8042 5322 8878 954 6540 981 9098 6768 5186 7961 549 6070 7140 1731 25 4584 3938 6327 5950 6184 4674
34 2672 2091 4392 2933 3735 6869 706 6746 3033 9350 789 5059 9087 54 6486 6757 9355 7758 3837 536 3371 8444 1164 6373 6259 4024 6592 9061 661 5615 20 1705 2306 7801
33 4661 7297 2365 3921 961 952 6844 703 1098 8944 8573 6352 2354 3806 2739 2130 8773 9624 8396 6195 6064 1844 3793 3561 9903 1877 7477 5725 5805 5650 3653 4699 4516
30 957 5973 7979 6928 9019 653 1760 134 190 597 5192 6449 5854 7493 982 6376 2425 8119 2022 9807 5494 6831 4968 6659 4490 1765 6311 3308 451 8640
29 8246 9257 4503 9039 1053 4629 7381 7751 7660 8483 9375 1708 3846 9278 234 3662 263 6792 9144 9944 4285 5576 5437 3996 8672 3354 5849 9444 8092
34 7704 4757 5247 6382 5460 4677 4530 6902 6212 1193 2513 3825 5661 2066 683 7104 751 7515 5643 904 9776 2684 3945 342 4211 6081 5735 2285 4993 894 4196 6573 3664 2985
36 7222 416 3867 5226 309 784 4858 9898 1730 9442 4857 5647 868 9833 6182 8550 2125 1456 3204 2453 2208 2515 3736 162 2438 146 2162 5719 8777 2422 4026 1486 9463 3468 6217 6650
28 586 7358 1590 4186 2664 7865 2710 4953 546 9043 5093 2348 9196 222 2407 1565 9901 3761 6401 3624 8474 808 5946 6251 5196 2848 951 9161
34 2297 227 2482 1700 5181 9980 3411 6242 2642 9495 6210 1524 9372 6878 512 5270 274 4059 5628 9779 8138 8692 8524 155 2764 622 1989 1328 4884 262 7386 6798 8353 7903
36 8948 6151 1407 1267 294 1740 7239 7872 1839 8894 7906 7282 8639 5427 382 1894 7172 6861 2111 9070 2246 9758 6270 8212 1528 767 8163 7501 6619 9865 9353 9476 5870 3289 9505 8784
34 1568 7720 7698 2963 7367 8765 2101 6990 9203 8224 4497 7589 7663 1829 568 5842 9264 6403 6760 4056 1803 5630 5338 3933 1982 6694 3257 2896 1237 8146 4981 7246 3645 5915
34 1466 2368 7015 5881 9636 6681 3292 319 1290 3603 9993 6954 6915 2730 2970 713 4373 7129 9174 8113 3012 9639 3413 5589 1017 7342 399 3015 3547 9099 2737 6776 1638 5029
34 934 6668 9441 5156 3914 4455 4391 221 6341 6859 209 7541 7755 7291 2040 8145 729 9060 9232 5419 6336 2344 4439 1296 658 1696 4816 4810 2336 6911 3842 5275 3057 2895
32 3766 2836 3385 2640 5940 6211 7299 9456 174 5301 3532 5035 1228 7432 4098 6362 2714 9426 1625 2639 9432 3017 410 7862 506 1372 8811 5996 1626 5261 1629 2814
32 175 5557 446 3126 5945 1300 2762 4315 5146 521 9187 8864 831 7310 3616 5825 6527 2662 9711 1984 7904 7145 4729 5184 3998 566 8987 8416 5543 9971 2075 6974
34 1587 6891 3235 8797 7384 1560 7485 1236 9864 3724 2646 8859 6429 2576 4424 8028 4946 9509 3222 9911 2023 2958 7193 8881 5992 8853 7360 2427 8219 1404 7050 5161 2031 8360
34 2805 724 9443 5608 256 5537 896 8234 2358 8285 4117 7419 5550 7884 1885 4368 3344 4522 4893 4321 6695 8303 6333 8340 1922 9449 6241 8940 7616 1762 6901 1015 9615 2556
32 152 6557 7946 915 8890 5968 5448 2873 6519 1354 7108 2761 2171 8630 693 6998 2411 1216 4618 5616 7170 9373 8998 5221 7998 44 5459 4437 769 2143 2532 6810
33 4473 7566 2000 2293 3898 8050 185 8349 2055 3392 5162 918 6873 6426 4700 7236 324 1246 2045 148 7507 3965 129 1208 542 4403 5225 4571 1119 8516 6008 2273 7885
33 9858 1531 2573 291 5308 375 8072 8791 107 8518 2175 5045 4443 7059 6187 6945 8762 5484 7829 4653 8795 5094 7971 5892 8923 8079 8632 5359 9934 843 1010 8589 1268
32 2652 8730 6687 8431 5207 9640 2375 2950 9084 5843 6318 584 5834 9008 8796 5627 5755 1224 1806 4987 1940 3189 8275 2597 1997 1716 9805 5231 4590 4353 4707 7533
33 688 2554 3694 3763 2930 4282 1368 5223 1882 4325 5523 8943 1585 7882 6786 1848 2806 631 348 176 28 6662 4569 6239 5120 4905 6366 8409 9927 4592 1607 6320 8132
30 4077 4447 69 9384 4123 3541 1657 5312 6277 5036 9952 2124 2977 7344 1530 9617 9553 7093 7710 5283 8071 5824 821 8088 5017 4138 192 5685 1801 7322
35 666 3628 7031 1924 9378 9817 5251 9315 4524 1121 1083 3606 9249 9464 1451 4838 211 5098 2723 4853 5920 7685 9493 6825 1646 5011 7512 4999 2885 9208 5398 2441 3349 2594 8879
33 8386 6890 3350 7650 9096 8320 4015 2674 6944 9006 7032 6585 8278 6716 6450 8288 9653 9156 7632 6788 3738 1355 7113 3990 9569 7857 4927 1958 9698 990 2008 6842 8819
38 6424 7030 9984 3518 5680 4093 9665 7028 5556 6550 5369 6584 2457 6914 6434 709 8020 5833 9091 6100 8610 635 9560 1654 8313 3776 6307 9532 3093 6886 9225 10 5686 8555 7970 31 9452 4254
36 3815 5898 1442 8074 7519 7667 1076 6622 939 3182 1725 2624 6084 8889 3273 3721 8666 5716 7307 6119 1161 884 6526 4894 5469 5961 9305 9680 1841 978 77 2170 3328 5948 6564 6865
34 5057 1067 1175 6113 163 2298 7347 3520 7693 4055 1259 2522 9651 3175 5971 7248 5003 4261 326 5103 8525 944 3509 5250 6926 1297 9886 1947 196 8981 5256 3522 6161 5361
36 3860 6250 4926 4636 8500 3103 484 6793 9149 4958 7875 3892 8907 5890 1650 2675 3894 6365 388 8707 2181 2488 4187 2997 8457 1755 728 6342 6355 9620 4366 1181 6041 4237 4586 4965
38 8561 7244 4 6351 6912 5368 1541 200 3989 6069 9412 3955 3416 2790 6114 3220 7385 5642 9295 6965 6487 599 4595 3666 3967 9386 8570 7686 6080 7967 6317 486 2054 7856 2041 2380 3633 4594
35 8502 27 5476 5855 9520 215 9961 3297 8022 5315 8723 5879 5055 4833 9051 7712 6291 9122 4570 4453 7964 9171 1605 3087 3309 9789 7734 7125 7923 9863 497 6397 5375 4775 2134
31 5097 6245 3396 931 3079 760 576 4520 4720 6368 6809 1661 3740 3253 1741 165 5866 8136 4210 9948 8802 218 4877 4228 6447 4698 5844 1211 4339 5204 8696
31 6001 4773 8540 8471 3619 4048 4079 4262 2610 1262 7962 5540 7564 8425 3594 1748 8397 9834 4849 3070 9450 2376 6339 3930 9134 1967 5432 2215 8268 9873 3436
32 8543 1816 6177 1913 2499 5159 4542 7472 9908 2857 4986 4157 7013 9483 9596 1033 6083 4826 6219 4154 2240 1827 4409 9881 9253 4936 3710 3041 4872 5774 8514 7260
40 7569 3575 780 6322 2677 5706 1238 5639 5090 4864 7415 3313 7873 3435 7072 9824 1358 7126 4033 505 1502 4742 3414 3029 9319 9574 9472 543 6899 9221 2964 3214 7770 2834 4841 5859 9650 9995 5227 2565
36 8961 5532 8503 3 7790 8711 1898 8641 9270 8689 4140 8505 7300 5909 6772 8051 64 444 7023 2726 5179 4854 6700 3270 3726 1202 9205 5016 8994 509 1798 390 2123 2670 2781 8307
34 1824 6980 4808 1860 2971 3811 8237 908 704 9619 7661 9376 1986 545 123 9845 7586 938 7673 5038 8839 9644 2102 6679 4267 2063 6745 8935 6503 6012 8986 7764 4881 9837
34 4071 6597 429 3410 6766 8526 3804 8572 1888 2281 1301 991 5083 9497 6892 6398 4549 5239 5236 6476 5778 7571 9062 3861 11 2978 2383 9112 6169 6068 5667 6821 9645 8932
32 7132 6857 9732 7351 2343 8663 4887 2608 4394 4545 5355 1248 161 6552 9595 2462 2133 5463 9965 7137 7594 6723 2284 5380 6335 1470 6360 3583 448 6883 6332 2668
34 8097 2921 528 5349 2141 7513 499 4031 6715 3078 9529 5818 4295 6692 4477 1272 649 5357 9266 4991 3566 6529 2455 1107 9503 8836 1347 1518 7518 2706 574 1540 764 7153
32 7148 9956 9816 7800 9583 5183 6708 8055 3925 4990 2946 2416 5804 4883 1832 3325 6938 7762 8869 7372 5995 7659 5709 9637 714 9576 8559 6052 8225 1350 5562 5240
34 1769 5645 9592 5263 9515 8834 4478 2289 2654 8617 9728 1371 6115 8686 3730 5758 4496 5688 801 7357 7070 6605 5607 6370 3165 9508 1869 3493 8110 7166 8024 4643 1001 2406
34 4523 2150 8595 9790 1004 9395 6538 7330 2260 3434 564 9501 5426 3067 1828 8519 9567 3162 72 5288 9271 5888 1782 4036 2302 1580 8810 1316 1881 5734 2268 2915 6639 2783
33 7633 8383 8118 4050 5051 4969 6436 9531 7062 3362 7195 2044 9769 6591 4149 6326 2128 759 9521 2733 5722 1162 5243 1086 8742 6293 3588 6533 4532 4197 4552 282 6179
32 3756 4949 702 540 2051 8584 5670 4630 8993 7374 9526 6238 8337 2019 3568 3499 8720 8827 1619 5047 1722 6477 5319 8965 7287 4360 7542 8830 5054 950 3472 6135
35 23 4060 1558 7180 1441 1904 4880 8274 313 3402 8552 2900 4578 1308 2187 2312 6939 5927 9614 5676 7420 3862 8951 9374 7019 7595 651 7280 7107 3148 7008 7965 6969 5681 1185
35 8141 750 7343 8870 4327 404 1025 2024 1151 901 8700 7670 7071 5791 3839 2759 6338 2419 7570 3031 6285 9663 2377 114 8647 1685 2962 5386 5937 7731 9723 2620 8216 1315 8805
34 4574 2785 3462 3177 2352 5714 0 9554 5838 363 5023 1226 8815 1934 6129 2645 5067 9823 7999 6288 8947 1901 7548 7092 9879 6799 5342 8803 6305 9474 4058 7422 3555 9914
35 3827 9791 7279 9241 5682 9753 6547 1759 5659 7305 560 2397 8035 3584 9712 9616 7626 1632 7181 6120 9676 8496 4216 9840 2669 8789 3706 2393 2514 6028 9573 6157 3059 4789 8009
32 1925 4794 6092 6481 6731 7065 8718 4692 1707 1326 3637 7039 9228 1490 6006 48 4027 1336 370 3397 1381 3133 8922 2612 3946 731 9613 501 340 3279 8180 7559
33 1247 6664 1961 7022 6522 2562 620 1423 7336 2325 5200 5782 5152 9290 3400 755 9867 8230 3296 7034 5814 7902 7197 8706 2926 2731 3993 4274 4793 1672 1313 8443 7348
34 3636 2734 3551 5653 3582 2747 1794 5850 3215 5189 1548 4290 9370 6721 9344 6282 379 7231 6678 7160 6194 3538 4000 699 2721 4615 4291 860 1255 2059 7697 265 1627 8618
40 352 9868 26 5258 7607 7061 6393 2917 9425 9153 7614 4665 9012 1182 1796 2903 8621 815 2979 8226 8155 2229 9429 829 5563 4234 2471 206 7452 963 7619 6887 4042 8247 5466 7968 6823 7424 4771 4275
38 4804 6200 7232 8966 208 5348 3573 252 3167 1307 4163 2030 8191 140 2686 8334 3700 9923 4072 5394 1906 842 9473 2580 3365 1902 8427 932 8955 1800 1543 940 3072 5021 362 2504 3748 4300
30 2851 5266 9589 1746 2876 1241 7149 8970 8211 8325 4782 8925 5504 4633 30 1781 9920 6193 6934 5684 366 4912 9661 4108 9633 9148 6358 7938 3868 3386
34 1109 1512 5324 2186 9915 9546 2771 4588 8123 7709 3277 778 1642 3152 9681 5026 4310 6946 4023 847 1026 8806 8209 4342 1583 1449 1393 9320 8750 3345 2349 2957 8683 2630
29 5886 6363 7259 1689 5784 9260 2629 38 9654 9694 1963 3674 6724 9511 9125 7814 9298 9132 9603 2729 2976 3940 6783 8060 5372 8187 4791 3403 4977
32 1764 7014 6410 6255 4495 7777 2680 9178 59 3431 2382 2743 8650 2060 5982 6628 992 3788 4508 1663 3673 5785 8772 1786 6828 2749 1601 9383 119 4685 2528 2681
34 612 874 3391 8681 1055 513 5772 6675 525 5514 8677 7771 6763 7157 5075 6075 5810 8671 1970 9226 8785 1703 757 7465 5624 2294 1812 2627 8165 3120 7861 4708 5470 5723
33 395 1191 2228 3259 2058 7201 1245 9762 3608 6191 5803 7025 2220 9430 6629 1973 7578 2272 4778 364 4484 6986 5091 3098 7991 796 3816 2400 1150 3872 845 7947 900
31 4611 8267 6294 6474 3442 6444 2346 2738 1516 8213 4374 3635 4081 5006 8597 3129 6343 5099 6131 3924 1570 4336 1714 7730 6013 453 1295 2444 7806 4014 2480
32 2378 7793 8073 9836 8046 7910 5587 4134 7409 5175 7802 1206 8824 3798 9547 6438 6396 2309 7640 3768 6047 1018 2545 4270 9032 5809 12 2487 8151 1653 3504 8636
34 4830 3501 2526 8766 2840 4597 9648 9415 4647 2011 6590 5770 4215 4090 5220 1054 8461 8034 2754 7550 6642 1110 4155 4907 9020 7411 5907 624 4512 2213 3334 7907 2659 7417
31 1377 5771 6889 7176 8756 3281 4251 6185 753 5124 6510 8148 2283 1536 6714 6940 1581 7943 4649 1334 2486 6467 2865 1527 1374 641 2911 3161 788 5551 7471
36 1813 9814 5837 405 89 3201 3953 4192 7327 6128 2728 2525 9420 7925 9857 1069 3454 228 3812 989 4414 7994 2271 2458 1475 9013 5932 4979 2046 6867 2959 3138 7004 2561 6017 9700
39 7937 3210 5475 4091 6983 4710 3479 8001 4083 5222 5906 3298 4689 3926 6908 4761 3137 1225 3596 5385 8233 3549 1757 4245 7657 6636 6139 4705 7517 3936 6654 9041 6988 9687 4257 2829 2530 2007 7215
30 4760 2550 8657 9612 1229 3904 3144 7816 8335 8038 3786 5622 7221 9017 1043 1075 5271 7085 3725 9306 614 8045 6431 426 396 9398 3024 4866 6133 5208
32 6845 8152 498 2614 5724 8093 93 177 4579 8862 1867 9218 6665 1146 4230 4654 6417 9597 1284 3966 1814 284 4265 7523 1378 6717 5678 8270 9330 2804 8753 6065
30 2823 766 2152 5129 4917 5829 1165 7605 311 2078 3563 7941 225 5505 2660 4842 7241 8930 6913 6733 9849 1443 4733 3614 7544 6159 5960 4502 3444 7641
36 4260 9136 910 6864 9123 2914 1487 7944 2313 5277 2799 7209 4921 7377 7838 1144 3828 2043 1931 8367 6839 4405 2073 1078 2503 9348 8576 9034 2264 2776 556 4422 7608 7996 9527 7492
38 5465 2713 839 2858 4311 1123 590 7117 9675 3648 3813 8391 9983 5442 3456 4011 6418 6350 1977 9647 3822 3245 1116 8301 458 5339 5518 6579 752 374 5660 6059 427 6673 8941 518 6088 7021
41 3875 7760 3247 314 5865 7864 170 7769 8897 2247 9126 1837 7767 1889 5488 6298 2939 4351 9876 5594 1265 1006 7821 1388 3221 4651 3910 6569 8779 8043 6136 621 6377 8228 8290 3202 1106 6061 7718 6164 6051
30 4634 9075 8778 7845 236 1411 9231 5133 8369 865 3807 7431 492 9021 8056 438 3342 1949 4283 1331 9905 6 6943 6667 9904 7371 6947 6390 4875 4678
32 660 8472 4568 8592 1152 158 6634 9451 9220 5568 1256 4136 6206 406 8601 9453 5447 8608 3097 7565 8738 8014 8433 1108 7052 4631 2311 3173 5736 3769 5410 7899
33 4891 9157 1805 7147 9590 2359 6795 2286 6918 403 2589 6337 3889 9666 8031 7208 1823 6870 7434 1687 8905 8302 3208 2203 677 4954 5845 8539 7066 1367 537 2367 2518
31 9336 1134 8439 1681 2138 3156 8477 532 300 4696 6993 6544 6841 5001 762 5150 7624 6023 4920 1699 2619 8633 113 8527 7154 6784 8731 9071 2481 4345 8887
30 6796 7728 5693 8831 4348 2132 6609 2178 8605 3685 9207 2204 2193 8333 3569 8767 6608 9206 5710 7445 50 4319 9291 2257 5711 5285 6271 5930 2661 419
34 9191 9714 5197 271 2140 1631 792 5167 1167 8493 8131 8214 7983 3543 2811 3446 1598 8537 913 9137 5623 7303 5715 5765 2282 9277 7521 3451 1550 3381 3580 2157 7272 85
36 8299 7871 8875 3682 9752 4486 8968 4640 8588 4792 9562 1045 9216 6780 9414 4199 2278 7737 7635 776 3935 2461 4755 8888 9036 8838 809 3727 4666 4346 4683 1473 7841 2296 5707 5517
41 2995 1660 128 667 7575 7436 1412 5916 4358 5163 2601 5900 1039 2808 2412 3094 337 2032 6166 3418 1910 9897 154 7669 1979 8344 5792 5140 3374 2483 2197 1728 8736 2828 4518 3030 6240 8167 5836 6537 9154
32 7914 7901 4169 9224 1264 9223 662 4174 5119 8358 6183 412 9455 8475 8175 2364 6124 3539 5891 1234 317 8962 2109 8241 9542 8658 8272 7852 9866 7294 1946 5690
35 8372 5908 2399 7020 4165 4030 7349 8553 4444 6472 1207 5501 7811 359 8371 4862 4471 7200 4051 985 8291 2473 6896 5807 8357 2875 3699 9977 2214 2523 2067 7631 5635 7555 6835
36 1826 3104 4238 7752 2768 5022 7296 1735 3388 7135 6672 7766 7429 8509 7587 3896 3978 5573 7879 7083 1090 6641 1274 708 7933 5180 3661 9710 480 7089 9767 2371 1484 2901 3554 9510
31 3665 5069 422 5949 2920 2238 2846 1792 5309 6581 1321 3317 5346 1122 6518 2299 9985 3900 959 8382 9691 7987 3478 7332 2567 4580 9422 8236 1697 8351 7936
33 1424 8949 4175 8634 5446 5168 1610 1849 3484 67 6137 9729 2757 5464 912 9518 9142 5321 8069 6536 7895 8188 9124 2626 1333 8244 5787 368 2850 7978 9882 4184 4916
32 2584 3902 7175 3258 9621 6313 2519 5166 9356 2908 1810 5856 6531 3553 5441 1929 6698 325 3773 6383 5414 8430 7892 9198 2991 7738 4380 7837 836 8631 9969 3708
33 4852 9360 7918 3844 5086 5797 6411 5596 8000 8874 4204 7068 3147 7118 4813 4240 398 500 2750 2543 9275 6420 5649 8648 6260 717 8895 8487 2969 9296 6732 1099 8385
37 327 7313 3991 1756 9772 6485 4302 9585 3604 4500 3565 7522 4564 2825 1933 782 5135 4538 1346 3088 3964 8059 9550 898 5286 441 7457 251 5747 1105 9580 9188 825 1954 8898 124 582
33 804 7855 5595 4458 1604 1131 9477 4273 4306 1460 6178 4930 6176 9261 7130 367 8420 9162 3600 8473 6243 5933 1953 7073 2796 253 2088 9765 3101 6737 5284 1864 9958
32 3209 523 8950 3283 4553 1414 3439 5425 391 1647 310 4423 1170 7167 3211 8259 2449 6645 4427 8449 7461 5039 6769 4450 6660 2308 5491 4548 7362 6173 9255 4331
40 7229 7639 1140 2304 6275 8615 6868 4252 365 8488 5512 2303 3545 6252 4952 1695 1972 2404 8886 8378 6594 386 7103 483 4606 5743 293 296 8985 2732 88 9713 2478 4702 1428 8959 1991 4767 7187 9478
32 7849 7642 5241 563 4436 9494 2748 3489 9994 5238 5249 6646 522 9757 1231 2164 2460 8086 2628 2002 7339 5776 826 4664 5795 103 3083 9388 2386 7315 2611 4171
33 719 6197 596 8327 5416 5901 8913 3486 2266 9725 8398 5509 798 249 9381 3641 8757 1291 9028 4102 4324 4449 4468 2638 2095 6704 1820 3958 7772 5481 3285 7886 5823
29 2870 2711 552 8324 1422 6816 6359 7316 3055 8752 4218 922 4598 2300 1156 4911 2827 346 9176 7480 3426 1538 7647 6495 2907 7921 5042 9643 6804
31 5832 625 4701 7416 8697 2679 1304 3863 5404 7237 2615 1353 756 4162 6958 1252 1157 6196 142 4463 464 3527 7791 2571 9894 7843 7474 7178 6480 2155 1921
31 6392 7096 3312 2940 3764 8910 5435 9461 266 2511 644 1003 9287 844 297 8107 7127 9088 7444 9063 3163 2491 1281 1227 9064 6404 8062 946 6806 6441 2980
36 3016 6261 5008 7235 5237 7442 2168 5525 1639 8441 9798 6666 5699 5106 1701 1494 533 3869 9981 5799 6604 7255 5544 9369 9108 7754 6534 4682 3168 7900 953 1345 9838 5033 3634 3818
32 6430 6671 2442 8549 15 8958 3429 1081 4997 2116 805 9552 9326 8498 2485 8847 5331 1591 3976 3357 118 6316 8308 149 7119 5633 617 1891 3956 4635 3876 1154
35 7674 1038 6005 9777 1174 4003 9733 6188 3228 9750 2262 7150 3061 2225 9668 3605 9734 4740 5252 538 6054 672 2932 2621 9623 828 7376 6077 1305 2537 2345 1739 9544 977 3517
35 8849 2996 9366 8513 571 5144 9242 4231 6057 8486 5407 3336 4021 3174 1467 2800 7102 5565 6146 2029 6967 246 7446 4528 8287 5300 3841 1790 2844 4762 8070 6371 4963 4364 5644
36 6507 8835 3460 8851 1822 3118 9467 5759 6615 3654 2989 1683 7939 4565 5137 1176 3003 1719 86 3927 5056 5123 1850 1569 6848 9819 1978 8533 517 9586 5609 1678 2456 9860 7460 9741
31 5919 3899 8282 7572 6295 5861 7268 322 6811 278 1416 4328 9066 2910 2625 9005 7825 1463 5217 6702 7048 5560 2691 2094 5926 9987 3840 8744 6149 6843 9558
25 9049 9635 9385 4126 8793 2318 6847 3975 4602 2549 9570 9140 3276 3052 6514 2824 7520 9759 4973 4895 6266 1327 9847 5988 1177
31 4960 8026 6925 6718 9183 4831 8655 3850 2050 6145 9618 7088 7853 6644 7898 6884 7628 9105 727 3977 8929 5408 2533 3196 4947 7002 8574 6498 6264 202 7162
33 5500 8415 9699 5461 5658 7974 1160 7916 358 5793 8899 8538 4167 7124 9169 7591 5841 8705 9746 4536 9364 4039 4646 4411 6921 4352 2789 6435 966 8470 6121 1363 7010
31 3233 3720 5889 7969 879 5969 409 6860 8877 1000 4914 7340 3415 2165 9421 7206 1950 248 7447 3809 8405 1500 6782 9170 8637 2709 4384 321 5257 4605 8909
30 526 5934 5675 1100 7116 8178 4413 6357 1435 527 916 1621 3463 3470 3602 744 7141 8312 7269 7182 8104 735 5232 4984 8164 1071 6633 4556 5418 1508
30 4119 3832 5503 9940 357 6554 6105 1802 8904 2955 9970 9809 7459 339 6836 8990 3567 9046 4475 6349 3627 1811 2248 3909 8953 8918 1533 1212 7341 2338
31 8709 4543 1835 5456 7621 8532 1306 5074 5142 3407 116 3684 3961 2445 1195 4399 4928 8600 5656 3002 1546 8554 3859 41 3962 637 5591 7537 4037 9982 6614
24 8039 2239 2775 9943 8541 3785 7928 5611 2006 2466 6962 7848 3466 4863 7599 137 3022 7666 6141 7807 4680 578 8387 8629
30 2563 9695 7026 3139 9027 2301 4457 168 9089 8832 1919 9010 1517 2951 812 4770 7786 9331 5305 4681 1815 1266 9023 8582 467 8105 1928 6561 4625 3116
29 2156 1691 4944 9937 6854 685 194 5070 4223 7785 2998 3389 8867 5393 6775 2172 4675 5753 9657 2454 6325 2572 1464 3719 7997 4956 212 233 2149
24 2090 9992 9454 9856 8238 9889 334 4179 318 716 2420 9195 6372 707 7204 3838 9065 4961 2505 9080 4890 2925 7655 1298
29 457 8266 9339 1242 5382 3058 2389 5993 6996 3723 2326 8139 8973 864 5165 7254 7451 6455 1183 6661 37 3943 4688 7741 9748 5050 9410 1397 3232
28 3681 4393 7356 7680 1419 5811 4658 8661 9458 1418 3657 8529 1780 100 1733 4554 9938 7736 1501 9022 9524 79 5215 9003 8402 2016 4747 697
27 6042 289 4096 9133 1549 1349 9127 1908 7007 4425 6044 5191 7196 3013 7314 260 7198 4971 3112 2990 2938 3663 3758 5002 5473 3642 4576
27 8057 3903 8250 5126 4017 3069 8511 2148 9365 3393 9256 7271 1057 5013 8300 5853 4225 9722 8690 4105 2862 7214 8585 936 6038 4690 5211
30 1415 2205 8575 8991 4950 1609 9274 2028 5018 4376 628 3250 6802 2047 6394 4220 4445 6852 5085 2360 7524 8197 1115 6637 8011 2807 2786 6546 9343 1651
32 5254 2874 8829 5151 6262 8737 4229 2835 8350 4092 4546 6399 7702 5356 2327 7210 7333 4203 7017 2856 5521 1287 8846 7930 2357 9293 9869 5489 7593 9918 711 6014
36 9601 4766 8134 7060 1049 6123 5863 8911 3158 472 5121 5292 858 5306 4779 6624 9325 6170 3068 2131 2596 8161 9048 4209 3498 4908 8522 2866 6532 8776 7789 5317 6269 9015 3375 7456
32 820 5233 5031 2053 4828 6419 8687 4577 2897 1489 3695 5015 210 9424 3677 6807 299 7079 9730 5164 4537 3947 442 8343 5985 6181 1263 2119 8037 3957 1665 1911
33 3363 7047 5387 7603 3851 4975 3528 3984 1603 9885 4929 7243 6310 5691 4918 8223 9400 8370 4557 180 6853 3751 2575 9433 9069 8695 9912 4224 6755 3062 1503 655 496
28 5703 2916 6452 80 2183 9690 3743 4002 8482 8124 2475 7622 335 923 9530 3485 6067 6158 8485 8606 235 6490 8682 7926 6542 5991 3107 5921
32 7256 90 8399 3322 930 745 7993 9870 5384 2760 1034 2235 1171 7757 1047 3408 4357 6777 6558 6107 6290 1857 3510 6222 8979 5032 3985 9094 2493 2809 5273 7502
24 94 5245 1909 320 6473 1269 8808 1742 6601 6904 1341 7783 9396 3564 6391 8739 3729 1576 7152 3601 4998 824 5851 2791
32 5030 6600 3698 6756 3205 8876 9093 8153 6927 5817 9334 7656 2206 193 6758 2173 7350 761 4142 2159 8508 9608 1375 5527 2779 7156 2999 1727 3918 2719 7722 6588
30 476 7516 8204 3225 2644 8262 4691 715 4168 76 855 270 9598 6649 9316 122 8181 2356 8818 6086 3450 1682 6308 4461 7123 2249 1690 1990 75 2507
28 8850 3149 6563 3347 8494 3243 4885 1118 9281 9057 1091 1392 2631 3571 4596 9016 1332 520 6273 7551 9143 2105 5970 4897 4097 1993 4188 647
27 8434 4937 2049 883 3037 7037 4047 997 781 7242 4276 6521 1645 1720 7067 6801 3542 6022 6408 5813 3760 9991 2467 5779 9827 7652 4131
29 9435 854 1608 3412 3151 2021 4726 9780 8938 9279 3401 4902 8200 3650 5187 3960 2259 104 7687 4326 9667 8018 2501 1446 5374 4268 8412 126 6413
26 4878 8464 3367 1299 5401 9835 384 8931 9739 4925 998 7630 7437 9345 7959 7874 2605 1153 8542 3717 4811 1655 5789 4923 7568 6511
27 5388 5209 1644 7957 73 420 5350 2120 6082 58 4488 8210 8336 3261 9896 4781 1438 3521 4150 737 9285 3796 5092 3474 7194 7540 1766
26 1437 4415 3009 8957 3513 8005 6572 9363 7466 1292 394 4343 4340 1 4301 8380 7169 8127 9082 9517 5430 4827 8619 7805 9354 5738
26 2717 6959 5545 460 9708 2337 1767 5781 3670 6882 909 4288 5880 7365 244 2898 9843 7827 9652 9978 2927 7746 2942 3826 6952 7688
26 676 4018 4082 4514 7412 1064 204 1082 392 2943 3131 9792 7146 8321 8703 2787 8280 3626 2566 9953 2275 287 561 9841 7756 7326
22 7151 4639 9310 5769 5012 1852 2651 8332 7557 595 905 6691 5421 3658 9318 6076 5593 7951 9152 4585 4915 5885
24 1659 3741 3420 7317 6329 6586 6997 5905 2632 3184 8379 3395 6031 6254 455 581 1975 3421 6722 6626 7654 1791 2217 7207
27 1196 1390 9504 690 8463 7745 9634 2052 4583 3942 9299 2492 1710 5444 5087 8173 7224 1479 1957 3406 3467 9829 1399 7399 6647 9941 1648
27 156 8625 4476 4566 2207 1971 8623 2122 4601 4851 9359 4836 3638 1379 7646 9102 9313 2529 6631 4337 6203 3979 8298 9697 9768 5486 6491
31 4801 4259 5942 3536 1257 4472 4465 51 4732 8536 1102 1135 5415 3252 6984 136 7954 9399 1974 7306 3219 859 8782 1385 6029 8374 4540 503 6730 1635 9577
28 3581 8027 8277 5739 290 2068 9332 9628 5118 6508 8140 1535 4541 8208 7506 1945 4744 6840 1031 3438 640 638 8880 8774 5717 7165 4978 5666
24 1204 6729 7185 91 9848 902 2415 1643 7056 2967 604 4609 2127 5620 9859 9181 4510 7711 2329 9968 4135 2810 2494 7234
30 8346 949 9121 9107 5496 9973 9250 863 8560 1413 14 6963 2700 9801 7226 1324 3294 9004 2177 8823 344 8660 7090 7029 5698 2585 3857 8479 7063 2994
33 3440 9446 6046 3335 7840 7142 8728 5429 4687 189 9185 1142 8942 7795 7808 5246 7716 2222 8719 8202 5234 857 197 2618 1943 7435 3589 7174 1851 1738 3188 5674 6207
25 2414 3302 1525 550 5490 1723 8721 1046 7033 5731 2231 1611 7510 8704 8354 9402 3613 8323 8032 8081 5928 6955 1551 5561 3810
29 2038 3632 5815 6504 1020 7122 292 1706 9011 8133 3327 5697 7497 9744 1155 8635 783 3424 4061 4271 4412 6881 371 1559 6680 4111 277 8465 4361
28 1359 5511 7890 9462 3234 3315 4823 2923 4448 99 611 2387 4750 1845 1649 3475 988 8408 6858 8788 7413 9244 5780 8743 8548 9431 9204 519
20 4805 2085 5896 8289 5297 5289 4365 5746 5605 7818 8451 9950 2405 4381 4840 870 9782 9556 4659 6090
26 1831 9459 9416 795 8442 9986 7105 718 115 4180 6072 1382 7273 1426 4663 4013 8852 8203 4798 7617 3779 8305 9358 8768 2623 6172
27 1141 7735 3765 9797 2137 3318 3556 6230 7484 92 3974 5132 9935 7681 3754 3089 8126 4362 4741 8058 1634 4619 9100 3530 6596 9418 1445
26 570 5846 1373 1821 3784 8437 9311 1771 984 3287 1050 6127 1510 6834 7665 8388 7220 4222 9788 9947 852 2431 2956 7049 531 1199
27 4467 4398 2524 6007 9975 8182 1317 3817 5830 2004 2683 3747 7499 8029 4837 5893 1513 4176 7440 2559 652 3355 6496 6235 1235 1868 9212
25 7782 8781 2201 1433 1620 1545 6893 5974 2413 8341 5443 7700 8171 7963 329 5363 876 5575 6713 6920 127 9786 4063 8314 6479
25 9321 4759 3260 5598 147 6409 6690 972 4985 7588 7363 4207 5672 8459 5141 9602 7972 8708 9579 575 5621 2968 3808 6301 2894
28 4753 4397 2069 8699 629 8368 2310 9919 6582 1698 1721 7739 254 8401 3884 4451 4173 880 4746 2093 7858 3734 2544 5712 869 4418 5320 3082
26 701 7689 6752 8389 1680 5096 4316 7792 7099 5577 514 4118 1008 1041 5922 8716 5677 4407 9563 8893 8501 3366 3540 6898 7134 960
26 9475 1752 61 8745 3036 6562 4785 8558 9367 1667 920 8221 6180 3928 6528 7266 770 9193 6040 5402 8376 2189 9731 3901 8816 6405
22 5798 8717 9489 8569 8603 5530 1618 1879 6106 2333 6109 4848 7799 7705 4517 3274 3092 3218 9349 3829 3570 4964
21 7006 3911 3064 7719 8458 4281 2076 2324 2108 4043 8495 8054 8557 8160 1277 121 9828 6094 3106 6625 2084
27 8205 7528 7087 3300 3379 5064 5689 4749 2837 758 4704 7189 8016 5458 7 29 6281 8556 634 5344 8484 8771 4526 3529 9799 7577 6422
25 1768 5134 2253 5857 4089 2502 5198 639 1783 5958 4470 7433 6957 6297 372 2398 547 5918 8317 5877 9607 3071 849 6632 63
26 862 8678 130 1505 9537 9407 4387 7927 9760 7740 6545 9893 5131 6199 9000 1432 7490 8749 6153 166 7729 7270 3080 8114 8395 8311
24 7648 7867 5574 7405 8794 428 7112 2753 8996 2899 9875 1729 6880 8252 8567 2498 6972 7261 2291 9555 6942 4871 1637 3399
20 1788 3268 1575 2096 5084 6256 8384 5606 9409 3004 4305 5750 2366 6101 3559 6916 8077 6663 5269 7917
25 6610 2003 5244 238 2960 1557 6976 5330 6147 2741 4434 6306 588 5498 7495 7469 5981 3141 5864 8117 240 2616 2936 2678 8799
21 3534 9891 7430 5201 2689 9763 623 2226 5242 5640 3621 4513 5203 9972 7281 415 172 8596 9109 5638 4329
20 4067 5360 4758 4882 8901 7888 8217 9405 5060 1582 5625 1658 3994 4721 8712 806 3652 4256 3870 969
23 45 7662 4088 9930 7625 9329 8036 799 5519 7159 9674 5692 2665 4709 7905 1337 730 5526 5618 3038 9163 7911 4901
25 9890 4529 5671 9439 425 6296 6321 7750 4085 4404 9726 875 9656 3864 9686 6929 65 1022 1369 6189 9403 4419 3531 6202 2423
19 5952 1178 4350 5802 7706 9214 650 5986 4846 4208 1514 4462 8068 145 4354 6587 5044 6216 6627
21 8339 2736 4718 8620 2947 5440 3303 8095 6689 9706 8612 3230 5358 2905 2340 7463 4695 696 511 9932 3595
22 6117 5619 5875 9267 4130 4074 9716 2690 7504 5328 2160 5599 6248 7192 9045 6762 6442 8945 6656 9802 9770 5107
18 2648 3496 5171 2992 7675 6856 4401 3473 3178 2434 3157 1937 5559 491 7470 341 447 4347
19 207 288 6747 9808 7284 2948 4706 3263 201 8510 6688 7164 5548 24 8928 1522 2582 411 6575
24 7427 5206 6699 4976 7227 7473 9812 301 5913 5874 1684 5602 7403 8531 1686 2104 2211 4995 9030 9916 1184 3913 7775 2288
20 6975 450 1562 8328 8067 2826 2276 861 2362 1180 5172 6489 8902 3948 1981 8218 4714 2267 9192 5193
21 3353 4066 6935 6677 2868 1749 8755 369 3939 4572 6555 1586 8169 8192 6324 891 4913 1270 4962 7854 9138
18 3155 1942 3579 1322 1668 8734 7948 361 354 8643 2871 3483 692 573 8792 9724 7887 7527
26 8995 3181 6754 8701 6710 9380 199 2520 7001 6483 3576 4054 2839 4016 3282 4253 3750 1497 6981 1254 7726 3074 8583 4235 5392 9346
17 4980 5696 4788 5177 8645 6388 5199 2379 7975 3615 4670 9514 9342 749 9423 3422 3952
20 9543 7724 1787 4194 3487 2017 5081 7064 5061 5337 2667 6356 8061 8916 7817 5953 2587 8194 2388 7264
22 1566 2198 4076 6233 2931 3284 2872 3056 9512 9578 1019 3045 7396 439 2881 3404 8240 2952 3006 8392 2254 9600
17 3179 4694 373 9029 1436 5379 4812 4359 1230 4731 4022 9074 1361 3931 3008 8096 7649
18 8143 3348 9964 1303 3963 4815 9480 9237 6568 1859 4959 4287 937 3159 4712 4539 470 6906
19 7309 6635 7393 933 7258 2581 3639 2974 2035 6122 160 8174 9642 9164 1027 5897 1773 6576 2103
20 1285 4219 5910 2401 3090 6186 1630 9434 5651 8580 668 7263 5158 7508 4735 1079 3305 8715 3021 6787
17 9236 5298 4774 1044 6060 1624 6525 7920 9086 6751 5391 8891 6960 7747 1793 8694 6091
16 1809 4446 7560 6448 3971 5816 4899 2347 6903 5665 1594 9113 6524 8964 3143 973
16 8273 9874 8150 3073 3193 6387 6875 8809 4075 9523 9001 3226 7839 8265 7820 7414
17 6428 9696 6509 9055 1988 4737 5468 5788 9114 8065 8243 3687 5471 2516 5513 5987 592
13 8983 477 6304 1519 4845 8825 9684 9536 4783 1615 1136 6279 694
14 7109 5705 6263 6469 9026 8229 6548 316 1718 6932 1323 5365 3048 722
13 6280 851 3508 5327 6951 3690 5089 5025 8763 5507 5178 6246 2107
15 6190 6727 9184 2574 5760 7776 5827 7945 3980 6517 186 7106 1875 5065 3767
13 9488 9658 9545 7877 7956 3115 2363 1454 5536 7934 2879 9481 9784
13 7694 8680 5304 2245 5034 9715 2437 4320 3906 2099 5007 4821 6148
15 281 5028 4064 8976 4776 5924 7003 4029 5728 4416 5110 9018 7908 2497 5255
17 6595 2135 7190 39 9233 5477 772 1357 2190 1628 6053 4297 9347 1916 5216 1778 4644
11 6284 813 1215 4780 347 8342 9813 6303 120 6142 7796
11 167 7163 6224 853 3032 3081 5294 8978 4832 8670 9895
10 5964 567 6492 1743 8101 9766 4600 5280 7534 1289
8 1724 2893 921 4613 3237 7804 819 2436
10 4243 9177 1073 2742 6771 5173 3668 4940 1596 2451
12 1126 8489 8982 1366 3358 105 7966 7850 6830 9404 7690 4087
8 6215 7780 9025 6002 1939 6598 7774 3227
6 987 9389 6071 5629 6055 7364
4 3171 3578 224 7368
5 5956 2953 283 98 9604
3 516 2634 5453
3 466 4032 9307
